33-33_1201930781-MULTIPOINT Z((116.34234 39.93124 1201930781000), (116.33835 39.93119 1201931083000), (116.33338 39.93569 1201931385000), (116.34523 39.93103 1201931687000), (116.3524 39.93651 1201931988000), (116.3524 39.93651 1201931988000), (116.3502 39.93934 1201932290000), (116.33572 39.94625 1201932592000), (116.32752 39.95591 1201932894000), (116.34858 39.95493 1201933196000), (116.34917 39.9385 1201933497000), (116.36022 39.93084 1201933799000), (116.38331 39.93186 1201934101000), (116.3949 39.92202 1201934403000), (116.4048 39.91719 1201935006000), (116.43405 39.92266 1201935610000), (116.43775 39.93447 1201935912000), (116.4503 39.9399 1201936213000), (116.43422 39.9657 1201936515000), (116.37467 39.96684 1201936817000), (116.33543 39.96636 1201937119000), (116.32419 39.96617 1201937420000), (116.31799 39.94842 1201938024000), (116.31141 39.94505 1201938326000), (116.31985 39.95039 1201938932000), (116.31561 39.96513 1201939234000), (116.31561 39.96513 1201939234000), (116.31474 39.96625 1201939535000), (116.31757 39.96557 1201939837000), (116.32769 39.96599 1201940139000), (116.35283 39.96623 1201940441000), (116.36406 39.96994 1201940743000), (116.37305 39.95525 1201941044000), (116.37445 39.94721 1201941346000), (116.40809 39.9478 1201941950000), (116.42786 39.931 1201942251000), (116.42654 39.93225 1201942553000), (116.44963 39.93238 1201942855000), (116.45436 39.93225 1201943157000), (116.46649 39.92978 1201943459000), (116.46145 39.92219 1201943760000), (116.44651 39.92206 1201944062000), (116.43441 39.92289 1201944364000), (116.42825 39.92674 1201944666000), (116.43007 39.9287 1201944967000), (116.44377 39.93238 1201945269000))
33-33_1201949214-MULTIPOINT Z((116.45458 39.90872 1201949214000), (116.45546 39.90397 1201949516000), (116.44447 39.91767 1201950119000), (116.45762 39.91712 1201950421000), (116.47709 39.91413 1201950723000), (116.48391 39.92796 1201951025000), (116.46651 39.96793 1201951326000), (116.43685 39.98619 1201951628000), (116.40019 39.9873 1201951930000), (116.41346 39.9871 1201952232000), (116.41438 39.98462 1201952534000))
33-33_1201956686-MULTIPOINT Z((116.30064 39.94198 1201956686000), (116.32347 39.93699 1201956988000), (116.33757 39.93107 1201957294000), (116.33923 39.93593 1201957591000), (116.35676 39.93918 1201957893000), (116.36538 39.93116 1201958195000), (116.38302 39.94198 1201958799000), (116.40708 39.92426 1201959401000), (116.41681 39.92295 1201959727000), (116.41942 39.9142 1201960005000), (116.422 39.92298 1201960306000), (116.4279 39.93275 1201960608000))
33-33_1201962668-MULTIPOINT Z((116.31504 39.90228 1201962668000), (116.3497 39.90536 1201962980000), (116.36804 39.89437 1201963272000), (116.38359 39.88804 1201963575000), (116.38601 39.88545 1201963875000), (116.39277 39.88999 1201964178000), (116.39277 39.88999 1201964178000), (116.43215 39.89256 1201964478000), (116.4544 39.89224 1201964781000), (116.46217 39.93245 1201965384000), (116.46576 39.93724 1201965685000), (116.45598 39.93286 1201965988000), (116.44456 39.93998 1201966288000), (116.42726 39.94762 1201966591000), (116.41524 39.95266 1201966892000), (116.4187 39.96677 1201967196000), (116.41837 39.97585 1201967496000), (116.41808 39.97926 1201967922000), (116.40654 39.96773 1201968224000), (116.34536 39.96644 1201968525000), (116.34536 39.96644 1201968525000))
33-33_1201970583-MULTIPOINT Z((116.38921 39.89874 1201970583000), (116.40076 39.89968 1201970885000), (116.42059 39.90459 1201971187000), (116.42318 39.90693 1201971489000), (116.45823 39.90693 1201971790000), (116.48711 39.92157 1201972092000), (116.49006 39.92864 1201972394000), (116.48716 39.93265 1201972696000), (116.48345 39.88686 1201972998000), (116.46153 39.87924 1201973299000), (116.45662 39.885 1201973601000), (116.45555 39.92197 1201973903000), (116.45655 39.95119 1201974205000))
33-33_1201977357-MULTIPOINT Z((116.48385 39.97531 1201977357000), (116.48922 39.9947 1201977658000), (116.50794 40.01153 1201977960000), (116.52898 40.0435 1201978262000), (116.55175 40.07977 1201978564000), (116.56803 40.11651 1201978865000), (116.61212 40.11602 1201979167000), (116.61212 40.11602 1201979469000), (116.61221 40.11583 1201979771000), (116.61221 40.11583 1201980073000), (116.61239 40.11558 1201980374000), (116.66945 40.11452 1201981030000), (116.69285 40.13513 1201981332000), (116.71672 40.17534 1201981634000))
33-33_1201999384-MULTIPOINT Z((116.36265 39.94656 1201999384000), (116.3606 39.9106 1201999988000), (116.35877 39.91684 1202000289000), (116.34717 39.9234 1202000591000), (116.31982 39.93146 1202000893000), (116.30269 39.94163 1202001195000), (116.26984 39.94552 1202001495000), (116.26782 39.90277 1202001797000), (116.23994 39.90626 1202002099000), (116.21284 39.9062 1202002401000), (116.20461 39.9002 1202002703000), (116.21222 39.90613 1202003004000), (116.23011 39.90615 1202003306000), (116.247 39.91399 1202003608000), (116.25384 39.92209 1202003910000), (116.26872 39.94549 1202004513000), (116.2991 39.98379 1202004815000), (116.32545 39.98438 1202005117000), (116.32751 39.976 1202005419000), (116.32418 39.97971 1202005720000), (116.31059 39.98184 1202006022000), (116.32771 39.97692 1202006626000), (116.3229 39.97973 1202006927000))
33-33_1202008196-MULTIPOINT Z((116.31403 39.97474 1202008196000), (116.31612 39.96628 1202008497000), (116.31432 39.96791 1202008799000), (116.30434 39.96199 1202009402000), (116.29928 39.943 1202009704000), (116.29928 39.943 1202009704000), (116.26757 39.94564 1202010006000), (116.26961 39.95 1202010308000), (116.28781 39.95698 1202010609000), (116.30082 39.96033 1202010911000), (116.32607 39.96616 1202011213000), (116.37889 39.96246 1202011817000), (116.41134 39.96728 1202012118000), (116.41109 39.98163 1202012420000), (116.41015 40.00901 1202012722000), (116.41026 40.03553 1202013024000), (116.41 40.05563 1202013325000), (116.42381 40.06855 1202013627000), (116.43597 40.06735 1202013929000), (116.40887 40.05679 1202014533000), (116.40773 40.07711 1202014834000), (116.40414 40.07716 1202015136000), (116.40637 40.06754 1202015438000), (116.40561 40.04991 1202015740000), (116.4086 40.0392 1202016041000), (116.4097 40.008 1202016343000), (116.40121 39.99538 1202016645000), (116.40104 39.97497 1202016947000), (116.39067 39.96774 1202017249000), (116.39067 39.96774 1202017249000), (116.36128 39.9669 1202017550000), (116.36331 39.98548 1202018154000), (116.37011 39.98689 1202018456000), (116.3635 39.97615 1202018758000), (116.3635 39.97609 1202019059000), (116.36382 39.96661 1202019361000), (116.41988 39.96787 1202019663000), (116.45551 39.94367 1202019965000), (116.45552 39.9374 1202020266000), (116.45554 39.90729 1202020568000), (116.45475 39.88332 1202020870000), (116.47052 39.86989 1202021172000), (116.50013 39.86618 1202021474000), (116.48401 39.88216 1202021775000), (116.46843 39.89209 1202022077000), (116.44257 39.89239 1202022379000), (116.42153 39.89519 1202022681000), (116.41277 39.8959 1202022982000), (116.42358 39.9068 1202023283000), (116.4144 39.90042 1202023585000), (116.40585 39.89953 1202023887000), (116.41073 39.89144 1202024189000), (116.41245 39.89915 1202024490000), (116.4119 39.91529 1202024792000), (116.4119 39.91529 1202024792000), (116.41098 39.93127 1202025094000), (116.41078 39.93831 1202025396000), (116.37797 39.94765 1202025999000), (116.37102 39.96691 1202026301000), (116.36471 39.97533 1202026603000), (116.3637 39.98007 1202026905000), (116.31816 39.991 1202027508000), (116.30604 39.98426 1202027810000), (116.29689 39.97387 1202028112000), (116.29361 39.96569 1202028414000), (116.28254 39.95628 1202028715000), (116.27479 39.95127 1202029017000), (116.27474 39.95111 1202029319000), (116.27419 39.95281 1202029621000), (116.28227 39.95172 1202029914000), (116.28232 39.95149 1202030221000), (116.28206 39.95146 1202030777000), (116.26967 39.95795 1202031079000), (116.26824 39.93341 1202031381000))
33-33_1202033025-MULTIPOINT Z((116.34643 39.90558 1202033025000), (116.34845 39.91254 1202033327000), (116.35011 39.91252 1202033628000), (116.35001 39.92541 1202033930000), (116.34911 39.95231 1202034232000), (116.3579 39.97524 1202034534000), (116.36655 39.97753 1202034836000), (116.36649 39.97841 1202035137000), (116.36352 39.97607 1202035741000), (116.36362 39.97602 1202036344000), (116.36367 39.97602 1202036646000), (116.36366 39.9761 1202036948000), (116.36371 39.97389 1202037250000), (116.37056 39.96647 1202037552000), (116.37056 39.96647 1202037552000), (116.41541 39.96785 1202037853000), (116.44931 39.95565 1202038155000), (116.45553 39.93389 1202038457000), (116.45541 39.92542 1202038759000), (116.44787 39.90741 1202039060000), (116.44434 39.91852 1202039362000), (116.44429 39.93093 1202039664000), (116.43807 39.93245 1202039966000), (116.42693 39.94781 1202040268000), (116.40865 39.94791 1202040569000), (116.39051 39.94787 1202040871000), (116.38993 39.96777 1202041173000), (116.36531 39.96699 1202041475000), (116.36524 39.97906 1202041776000), (116.3641 39.97534 1202042078000), (116.37896 39.96357 1202042380000), (116.38722 39.95445 1202042682000), (116.40126 39.95018 1202042984000), (116.39292 39.94781 1202043285000), (116.39119 39.94858 1202043587000), (116.39119 39.94858 1202043889000), (116.39119 39.94858 1202044191000), (116.39119 39.94858 1202044493000), (116.38892 39.95828 1202044794000), (116.38892 39.95828 1202044794000), (116.46434 40.03166 1202045398000))
33-33_1202048277-MULTIPOINT Z((116.62403 40.13191 1202048277000), (116.62407 40.13187 1202048596000), (116.62407 40.13187 1202048596000), (116.62407 40.13187 1202048596000), (116.62407 40.13187 1202048596000), (116.62407 40.13187 1202048596000), (116.62407 40.13187 1202048596000), (116.62407 40.13187 1202048596000), (116.62407 40.13187 1202048596000), (116.62407 40.13187 1202048596000), (116.62407 40.13187 1202048596000), (116.62407 40.13187 1202048596000), (116.62407 40.13187 1202048596000), (116.62407 40.13187 1202048596000), (116.62407 40.13187 1202048596000), (116.62407 40.13187 1202048596000), (116.62407 40.13187 1202048596000))
33-33_1202095155-MULTIPOINT Z((116.36117 39.91065 1202095155000), (116.35731 39.9122 1202095456000), (116.35886 39.92216 1202095758000), (116.36973 39.9313 1202096060000), (116.38959 39.93193 1202096362000), (116.40995 39.93206 1202096664000), (116.41926 39.93228 1202096965000), (116.43295 39.93946 1202097267000), (116.44109 39.9468 1202097569000), (116.43814 39.94736 1202097862000), (116.43821 39.94741 1202097869000), (116.43821 39.94741 1202097869000), (116.43821 39.94741 1202097869000), (116.43821 39.94741 1202097869000), (116.43821 39.94742 1202097875000))
33-33_1202098990-MULTIPOINT Z((116.45078 39.95426 1202098990000), (116.45515 39.94887 1202099290000), (116.46852 39.93709 1202099592000), (116.44951 39.93241 1202099894000), (116.44951 39.93241 1202099894000), (116.43755 39.93218 1202100196000), (116.45572 39.95027 1202100799000), (116.46376 39.96223 1202101101000), (116.48364 39.92933 1202101403000), (116.48583 39.89939 1202101705000), (116.50463 39.89849 1202102007000), (116.48384 39.8999 1202102308000), (116.47194 39.91008 1202102610000), (116.46204 39.91241 1202102912000), (116.45644 39.91238 1202103214000), (116.44544 39.91431 1202103515000), (116.44908 39.91648 1202103817000), (116.45581 39.9305 1202104119000), (116.45596 39.94747 1202104421000), (116.45727 39.95457 1202104725000), (116.4538 39.95335 1202105027000), (116.45524 39.91958 1202105329000), (116.45328 39.89222 1202105631000), (116.45543 39.89874 1202105932000), (116.45627 39.90722 1202106234000), (116.45386 39.90511 1202106536000), (116.44461 39.90642 1202106838000), (116.45379 39.9194 1202107139000), (116.45207 39.93021 1202107441000), (116.45207 39.93021 1202107441000), (116.45207 39.93021 1202107441000), (116.45207 39.93021 1202107441000), (116.43382 39.93034 1202107743000), (116.43872 39.93789 1202108045000), (116.44654 39.93986 1202108347000), (116.46383 39.97039 1202108648000))
33-33_1202109252-MULTIPOINT Z((116.57966 40.04739 1202109252000), (116.58678 40.07763 1202109554000), (116.58173 40.06736 1202109855000), (116.54082 40.05697 1202110459000), (116.51467 40.04318 1202110761000), (116.50545 40.02412 1202111063000), (116.50572 40.02266 1202111364000), (116.49408 39.99967 1202111666000), (116.47165 39.9786 1202111968000), (116.44662 39.95729 1202112270000), (116.45519 39.92564 1202112571000), (116.45544 39.91912 1202112873000), (116.45098 39.92188 1202113175000), (116.46626 39.92424 1202113477000), (116.46625 39.92388 1202113893000), (116.46625 39.92388 1202113893000))
33-33_1202115110-MULTIPOINT Z((116.46873 39.93619 1202115110000), (116.46258 39.94609 1202115411000), (116.45836 39.95307 1202115713000), (116.44952 39.95617 1202116015000), (116.43446 39.98268 1202116317000), (116.3871 39.98679 1202116618000), (116.35604 40.01159 1202116920000), (116.34069 40.03097 1202117222000), (116.33707 40.03561 1202117524000), (116.32364 40.05329 1202117826000), (116.31248 40.07821 1202118127000), (116.31729 40.07529 1202118429000), (116.32181 40.06705 1202118731000), (116.3114 40.07326 1202119033000), (116.3114 40.07326 1202119033000), (116.31716 40.06043 1202119334000), (116.33208 40.04086 1202119636000), (116.33772 40.03354 1202119938000), (116.34483 40.02124 1202120240000), (116.34468 39.99965 1202120542000), (116.34608 40.01314 1202120843000), (116.34447 40.02861 1202121447000), (116.34604 40.00502 1202122051000), (116.34642 39.99621 1202122352000), (116.34642 39.99621 1202122654000), (116.34683 39.98879 1202122956000), (116.36208 39.9857 1202123258000), (116.31554 39.98461 1202123559000), (116.3105 39.97724 1202123861000), (116.31377 39.96886 1202124163000), (116.32248 39.9659 1202124465000), (116.36399 39.96649 1202124767000), (116.39011 39.96926 1202125068000), (116.38739 39.96732 1202125370000), (116.38759 39.9666 1202125672000), (116.39267 39.96704 1202125974000), (116.39267 39.96703 1202126275000), (116.3927 39.96704 1202126577000), (116.3927 39.96704 1202126577000), (116.39279 39.96705 1202126879000), (116.43056 39.96779 1202127181000), (116.45524 39.94837 1202127483000), (116.46781 39.94452 1202127784000), (116.45529 39.94308 1202128085000), (116.45535 39.92857 1202128387000), (116.45557 39.91299 1202128689000), (116.43534 39.90738 1202128990000), (116.42099 39.90478 1202129292000), (116.41846 39.90571 1202129594000), (116.42117 39.90652 1202129899000), (116.42854 39.89962 1202130201000), (116.43138 39.89879 1202130503000), (116.43565 39.90698 1202130805000), (116.4549 39.90514 1202131106000), (116.45145 39.89224 1202131408000), (116.45554 39.89467 1202131710000), (116.45941 39.89207 1202132012000), (116.48687 39.8918 1202132314000), (116.48048 39.89938 1202132615000), (116.47097 39.88313 1202132917000), (116.4599 39.88063 1202133219000), (116.45543 39.88365 1202133521000), (116.45574 39.89477 1202133822000), (116.45555 39.9138 1202134426000), (116.44491 39.93254 1202135030000), (116.4289 39.93297 1202135331000), (116.441 39.93979 1202135633000), (116.46153 39.95748 1202136236000), (116.47109 39.97288 1202136537000), (116.45746 39.95661 1202136839000), (116.44918 39.94729 1202137141000), (116.44111 39.93979 1202137443000), (116.44925 39.94023 1202137745000), (116.45182 39.93164 1202138046000), (116.45539 39.9053 1202138348000), (116.45988 39.89942 1202138952000), (116.45569 39.91667 1202139253000), (116.45486 39.91235 1202139555000), (116.46287 39.91233 1202139857000), (116.45607 39.93219 1202140159000), (116.44938 39.93902 1202140461000), (116.44603 39.95797 1202140762000), (116.44637 39.97078 1202141064000), (116.44319 39.95378 1202141366000), (116.44167 39.93968 1202141668000), (116.45531 39.92795 1202141970000), (116.46941 39.90953 1202142271000), (116.45607 39.91047 1202142573000), (116.45569 39.94784 1202142875000), (116.44929 39.95596 1202143177000), (116.42598 39.95822 1202143478000), (116.42228 39.96772 1202143780000), (116.4505 39.95468 1202144082000), (116.45387 39.95254 1202144384000), (116.44504 39.96045 1202144686000), (116.44578 39.96115 1202145289000), (116.4549 39.93997 1202145591000), (116.39069 39.93212 1202146194000), (116.39009 39.93238 1202146496000), (116.38756 39.94731 1202146798000), (116.38798 39.95007 1202147100000), (116.40062 39.96718 1202147402000), (116.40145 39.99354 1202147703000), (116.40329 40.02428 1202148005000), (116.40996 40.05555 1202148307000))
33-33_1202150118-MULTIPOINT Z((116.33277 40.0575 1202150118000), (116.35672 40.06016 1202150720000), (116.35478 40.06066 1202151022000), (116.37699 40.06559 1202151324000), (116.41066 40.06973 1202151626000), (116.43146 40.07845 1202151927000), (116.46522 40.08434 1202152229000), (116.51748 40.09556 1202152531000), (116.5412 40.11101 1202152833000), (116.5792 40.11679 1202153134000), (116.61219 40.11587 1202153741000), (116.61227 40.11569 1202154043000), (116.61248 40.11564 1202154328000), (116.61273 40.11599 1202154630000))
33-33_1202155768-MULTIPOINT Z((116.71802 40.1868 1202155768000), (116.73493 40.20301 1202156070000), (116.73493 40.20301 1202156203000), (116.73498 40.20301 1202156510000), (116.73498 40.20301 1202156510000), (116.73498 40.20301 1202156510000), (116.73498 40.20301 1202156510000), (116.73498 40.20301 1202156510000), (116.73498 40.20301 1202156510000), (116.73498 40.20301 1202156510000), (116.73498 40.20301 1202156510000), (116.73498 40.20301 1202156510000), (116.73498 40.20301 1202156510000), (116.73498 40.20301 1202156510000), (116.73498 40.20301 1202156510000), (116.73498 40.20301 1202156510000), (116.73498 40.20301 1202156510000), (116.73498 40.20301 1202156510000), (116.73498 40.20301 1202156510000), (116.73498 40.20301 1202156510000), (116.73498 40.20301 1202156510000), (116.73498 40.20301 1202156510000))
33-33_1202174927-MULTIPOINT Z((116.71399 40.16002 1202174927000), (116.66766 40.12854 1202175228000), (116.62404 40.11649 1202175832000), (116.58745 40.11704 1202176134000), (116.55596 40.10611 1202176435000), (116.54896 40.06466 1202176737000), (116.54896 40.06466 1202176737000), (116.5278 40.04147 1202177039000), (116.50508 40.02611 1202177341000), (116.47137 40.02164 1202177643000), (116.46488 40.01948 1202177944000), (116.45765 40.00364 1202178246000), (116.45145 40.00019 1202178548000), (116.45145 40.00019 1202178850000), (116.45143 40.00009 1202179152000), (116.45133 40.00027 1202179453000), (116.45138 40.00025 1202179755000), (116.45142 40.00017 1202180057000), (116.45132 39.99588 1202180359000), (116.46024 39.98641 1202180659000), (116.46342 39.96982 1202180961000), (116.4836 39.92639 1202181263000), (116.48241 39.90586 1202181565000), (116.48338 39.88383 1202181867000), (116.46615 39.87078 1202182168000), (116.45503 39.87015 1202182470000), (116.44487 39.87486 1202182772000), (116.45523 39.88734 1202183074000), (116.46755 39.90734 1202183375000), (116.47175 39.90838 1202183677000), (116.43619 39.90747 1202184281000), (116.40722 39.90807 1202184583000), (116.40722 39.90807 1202184583000), (116.40621 39.91281 1202184884000), (116.40973 39.9088 1202185186000), (116.42021 39.91407 1202185488000), (116.41172 39.91505 1202185790000), (116.41097 39.9312 1202186091000), (116.41091 39.93205 1202186393000), (116.40232 39.94046 1202186695000), (116.41071 39.9578 1202186997000), (116.4162 39.94795 1202187299000), (116.4295 39.93939 1202187600000), (116.45475 39.93989 1202187902000), (116.44591 39.95166 1202188506000), (116.44575 39.95156 1202188862000), (116.44575 39.95156 1202188862000), (116.44575 39.95156 1202188862000))
33-33_1202190380-MULTIPOINT Z((116.45516 39.94834 1202190380000), (116.45516 39.94834 1202190380000), (116.44725 39.94123 1202190682000), (116.43778 39.93241 1202190984000), (116.4341 39.9275 1202191285000), (116.44362 39.92124 1202191587000), (116.45504 39.89394 1202191889000), (116.46152 39.88073 1202192191000), (116.46152 39.87322 1202192492000), (116.4647 39.85838 1202192794000), (116.47958 39.84606 1202193096000), (116.46906 39.85657 1202193398000), (116.44848 39.86154 1202193700000), (116.4105 39.85593 1202194001000), (116.41019 39.84445 1202194303000))
33-33_1202196332-MULTIPOINT Z((116.37351 39.90134 1202196332000), (116.37034 39.90513 1202196634000), (116.37028 39.9053 1202196936000), (116.3702 39.90543 1202197237000), (116.36956 39.90285 1202197539000), (116.36808 39.89735 1202197841000), (116.36814 39.88295 1202198143000), (116.36734 39.86232 1202198445000), (116.36467 39.84939 1202198746000), (116.37561 39.86922 1202199048000), (116.42636 39.86934 1202199350000), (116.43274 39.86604 1202199652000), (116.43242 39.85896 1202199953000), (116.43242 39.85896 1202199953000), (116.47624 39.83715 1202200255000), (116.50072 39.80776 1202200557000), (116.49587 39.80107 1202200859000), (116.47067 39.82934 1202201161000), (116.47051 39.85521 1202201462000), (116.46497 39.85824 1202201764000), (116.47506 39.86986 1202202066000))
33-33_1202202668-MULTIPOINT Z((116.55888 39.86195 1202202668000), (116.52918 39.86848 1202202970000), (116.47408 39.8702 1202203272000), (116.47124 39.88709 1202203574000), (116.47107 39.88997 1202203876000), (116.47147 39.89842 1202204177000), (116.47172 39.90405 1202204479000), (116.47205 39.90981 1202204781000), (116.4715 39.90741 1202205083000), (116.46104 39.89748 1202205384000), (116.46796 39.89924 1202205686000), (116.47182 39.90247 1202205988000), (116.42971 39.90725 1202206592000), (116.40181 39.90666 1202206893000), (116.37799 39.90591 1202207195000), (116.34964 39.90643 1202207497000), (116.34504 39.89691 1202207799000), (116.31685 39.89599 1202208101000), (116.31772 39.90605 1202208402000), (116.31724 39.89729 1202208704000), (116.32641 39.90593 1202209013000), (116.3381 39.91703 1202209308000), (116.35582 39.91516 1202209616000), (116.35859 39.92024 1202209911000), (116.37266 39.93139 1202210213000), (116.39753 39.93202 1202210515000), (116.41406 39.93219 1202210817000), (116.4197 39.9292 1202211118000), (116.43672 39.93975 1202211420000), (116.44004 39.94867 1202211722000), (116.48436 39.9888 1202212045000))
33-33_1202225336-MULTIPOINT Z((116.68015 40.16943 1202225336000), (116.72638 40.20425 1202225638000), (116.73543 40.20587 1202225841000), (116.73542 40.20585 1202226174000), (116.73542 40.20585 1202226174000), (116.73542 40.20585 1202226174000), (116.73542 40.20585 1202226174000), (116.73542 40.20585 1202226174000), (116.73542 40.20585 1202226174000), (116.73542 40.20585 1202226174000), (116.73542 40.20585 1202226174000), (116.73542 40.20585 1202226174000), (116.73542 40.20585 1202226174000), (116.73542 40.20585 1202226174000), (116.73542 40.20585 1202226174000), (116.73542 40.20585 1202226174000), (116.73542 40.20585 1202226174000), (116.73542 40.20585 1202226174000), (116.73542 40.20585 1202226174000), (116.73542 40.20585 1202226174000), (116.73542 40.20585 1202226174000), (116.73542 40.20585 1202226174000), (116.73542 40.20585 1202226174000), (116.73542 40.20585 1202226174000), (116.73542 40.20585 1202226174000), (116.73542 40.20585 1202226174000), (116.73542 40.20585 1202226174000))
33-33_1202273442-MULTIPOINT Z((116.65879 40.14281 1202273442000), (116.69114 40.16869 1202273744000), (116.70134 40.16959 1202274045000), (116.70135 40.16957 1202274401000), (116.70135 40.16957 1202274401000), (116.70135 40.16957 1202274401000), (116.70135 40.16957 1202274401000), (116.70135 40.16957 1202274401000), (116.70135 40.16957 1202274401000), (116.70135 40.16957 1202274401000), (116.70135 40.16957 1202274401000), (116.70135 40.16957 1202274401000), (116.70135 40.16957 1202274401000), (116.70135 40.16957 1202274401000), (116.70135 40.16957 1202274401000), (116.70135 40.16957 1202274401000), (116.70135 40.16957 1202274401000), (116.70135 40.16957 1202274401000), (116.70135 40.16957 1202274401000), (116.70135 40.16957 1202274401000), (116.70135 40.16957 1202274401000))
33-33_1202281642-MULTIPOINT Z((116.7187 40.20229 1202281642000), (116.71864 40.2016 1202281948000), (116.71864 40.2016 1202281948000), (116.71864 40.2016 1202281948000), (116.71864 40.2016 1202281948000), (116.71864 40.2016 1202281948000), (116.71864 40.2016 1202281948000), (116.71864 40.2016 1202281948000), (116.71864 40.2016 1202281948000), (116.71864 40.2016 1202281948000), (116.71864 40.2016 1202281948000), (116.71864 40.2016 1202281948000), (116.71864 40.2016 1202281948000), (116.71864 40.2016 1202281948000), (116.71864 40.2016 1202281948000), (116.71864 40.2016 1202281948000), (116.71864 40.2016 1202281948000), (116.71864 40.2016 1202281948000), (116.71864 40.2016 1202281948000), (116.71864 40.2016 1202281948000), (116.71864 40.2016 1202281948000), (116.71864 40.2016 1202281948000))
33-33_1202288897-MULTIPOINT Z((116.7354 40.20582 1202288897000), (116.7354 40.20582 1202289199000), (116.7354 40.20582 1202289500000), (116.7354 40.20582 1202289802000), (116.7354 40.20582 1202290104000), (116.7354 40.20582 1202290406000), (116.7354 40.20582 1202290708000), (116.7354 40.20582 1202291009000), (116.7354 40.20582 1202291009000), (116.7354 40.20582 1202291311000), (116.7354 40.20582 1202291613000), (116.7354 40.20582 1202291915000), (116.73363 40.20617 1202292216000), (116.71886 40.20217 1202292448000), (116.71888 40.20219 1202292755000), (116.71888 40.20219 1202292755000), (116.71888 40.20219 1202292755000), (116.71888 40.20219 1202292755000), (116.71888 40.20219 1202292755000), (116.71888 40.20219 1202292755000), (116.71888 40.20219 1202292755000), (116.71888 40.20219 1202292755000), (116.71888 40.20219 1202292755000), (116.71888 40.20219 1202292755000), (116.71888 40.20219 1202292755000), (116.71888 40.20219 1202292755000), (116.71888 40.20219 1202292755000), (116.71888 40.20219 1202292755000), (116.71888 40.20219 1202292755000), (116.71888 40.20219 1202292755000), (116.71888 40.20219 1202292755000), (116.71888 40.20219 1202292755000), (116.71888 40.20219 1202292755000), (116.71888 40.20219 1202292755000), (116.71888 40.20219 1202292755000), (116.71888 40.20219 1202292755000), (116.71888 40.20219 1202292755000), (116.71888 40.20219 1202292755000))
33-33_1202304231-MULTIPOINT Z((116.73538 40.20566 1202304231000), (116.71849 40.1918 1202304533000), (116.7171 40.17861 1202304835000), (116.7291 40.20578 1202305136000), (116.73422 40.20584 1202305438000), (116.7174 40.18197 1202305740000), (116.69194 40.16884 1202306042000), (116.66515 40.16128 1202306344000), (116.64512 40.1362 1202306645000), (116.62278 40.13042 1202306947000), (116.62316 40.13197 1202307544000), (116.62316 40.13197 1202307544000), (116.62316 40.13197 1202307544000), (116.62316 40.13197 1202307544000), (116.62316 40.13197 1202307544000), (116.62316 40.13197 1202307544000), (116.62316 40.13197 1202307544000), (116.62316 40.13197 1202307544000), (116.62316 40.13197 1202307544000), (116.62316 40.13197 1202307544000), (116.62316 40.13197 1202307544000), (116.62316 40.13197 1202307544000), (116.62316 40.13197 1202307544000), (116.62316 40.13197 1202307544000), (116.62316 40.13197 1202307544000), (116.62316 40.13197 1202307544000), (116.62316 40.13197 1202307544000), (116.62316 40.13197 1202307544000), (116.62316 40.13197 1202307544000), (116.62316 40.13197 1202307544000), (116.62316 40.13197 1202307544000), (116.62316 40.13197 1202307544000), (116.62316 40.13197 1202307544000))
33-33_1202434461-MULTIPOINT Z((116.73491 40.20306 1202434461000), (116.73491 40.20306 1202434762000), (116.73491 40.20293 1202435064000), (116.71909 40.19397 1202435365000), (116.69451 40.16888 1202435667000), (116.6357 40.16995 1202435969000), (116.59365 40.14374 1202436270000), (116.5566 40.1083 1202436572000), (116.54914 40.06509 1202436874000), (116.54914 40.06509 1202436874000), (116.52685 40.03967 1202437176000), (116.50493 40.02707 1202437477000), (116.48962 40.0106 1202437779000), (116.47254 40.00475 1202438081000), (116.46425 39.99758 1202438387000), (116.4675 39.98177 1202438688000), (116.44575 39.95625 1202438989000), (116.45544 39.91178 1202439291000), (116.4058 39.90696 1202439593000), (116.39168 39.89868 1202439894000), (116.41002 39.90264 1202440196000), (116.41442 39.88311 1202440498000), (116.41596 39.85655 1202440800000), (116.43267 39.85709 1202441102000), (116.43272 39.86407 1202441403000), (116.43379 39.86894 1202442010000), (116.44112 39.88041 1202442312000), (116.42304 39.92312 1202442857000), (116.40473 39.92065 1202443159000), (116.42563 39.92797 1202443461000), (116.44494 39.9323 1202443763000), (116.47024 39.93234 1202444065000), (116.46943 39.92309 1202444366000), (116.45494 39.90226 1202444970000), (116.43357 39.89117 1202445573000), (116.43357 39.89117 1202445573000), (116.45419 39.89216 1202445874000), (116.45899 39.89226 1202446176000), (116.45587 39.91501 1202446478000), (116.4558 39.93919 1202446637000), (116.44848 39.93998 1202446780000), (116.44247 39.94953 1202447081000), (116.45213 39.95357 1202447387000), (116.45136 39.95729 1202447688000), (116.42794 39.94626 1202448292000), (116.42057 39.9486 1202448594000), (116.41227 39.94775 1202448895000), (116.43014 39.93923 1202449197000), (116.42829 39.93286 1202449499000), (116.41846 39.94834 1202449801000), (116.3901 39.94783 1202450103000), (116.39232 39.95243 1202450404000), (116.39592 39.96412 1202450706000), (116.40161 39.95555 1202451008000), (116.40181 39.95415 1202451310000), (116.40174 39.95016 1202451611000), (116.39261 39.95011 1202451913000), (116.38915 39.94831 1202452215000), (116.366 39.94348 1202452517000), (116.3735 39.95055 1202452819000), (116.3735 39.95055 1202452819000), (116.38541 39.96689 1202453120000), (116.40132 39.97396 1202453422000), (116.39527 39.98853 1202453724000), (116.39301 40.00842 1202454026000), (116.34868 40.02048 1202454326000), (116.28761 40.01309 1202454628000), (116.26171 40.0303 1202454930000), (116.24131 40.04475 1202455232000), (116.24108 40.03661 1202455534000), (116.24042 40.04156 1202455835000), (116.25903 40.03183 1202456137000), (116.27412 40.02236 1202456439000), (116.29732 40.0241 1202456741000), (116.31336 40.02931 1202457043000), (116.32908 40.03496 1202457344000), (116.32075 40.04678 1202457646000), (116.33913 40.03193 1202457948000), (116.3456 40.01884 1202458250000), (116.3462 40.00659 1202458551000), (116.33718 39.99178 1202458853000), (116.34776 39.97516 1202459155000), (116.36677 39.97627 1202459457000), (116.36415 39.96391 1202459759000), (116.36237 39.94655 1202460060000), (116.34995 39.91742 1202460362000), (116.34995 39.91742 1202460362000), (116.33429 39.91271 1202460664000), (116.31473 39.90986 1202460966000), (116.29149 39.91664 1202461267000), (116.29045 39.92378 1202461569000), (116.28565 39.94689 1202461871000), (116.27893 39.95265 1202462173000), (116.31717 39.96571 1202462776000), (116.33772 39.97507 1202463078000), (116.34695 39.96964 1202463380000))
27-27_1201930393-MULTIPOINT Z((116.44435 39.91669 1201930393000), (116.44434 39.92516 1201930674000), (116.44425 39.92581 1201930695000), (116.44626 39.93985 1201930976000), (116.44908 39.93988 1201930996000), (116.45535 39.92634 1201931277000), (116.45531 39.92602 1201931297000), (116.45521 39.9133 1201931578000), (116.45404 39.91323 1201931599000), (116.44668 39.92175 1201931880000), (116.4459 39.92188 1201931900000), (116.44431 39.9316 1201932182000), (116.44431 39.9316 1201932202000), (116.44835 39.94681 1201932483000), (116.45763 39.95638 1201932785000), (116.45921 39.95788 1201932805000), (116.48315 39.96979 1201933087000), (116.48373 39.97028 1201933107000), (116.48963 39.97042 1201933388000), (116.48963 39.97042 1201933409000), (116.48963 39.97024 1201933630000))
27-27_1201935021-MULTIPOINT Z((116.48404 39.97101 1201935021000), (116.47567 39.97645 1201935217000), (116.47194 39.97895 1201935323000), (116.46042 39.98775 1201935518000), (116.46607 39.98789 1201935625000), (116.46875 39.97622 1201935820000), (116.45715 39.96557 1201935926000), (116.44368 39.95902 1201936228000), (116.43444 39.9537 1201936423000), (116.42842 39.95573 1201936530000), (116.42976 39.9636 1201936725000), (116.43242 39.96649 1201936831000), (116.43237 39.96652 1201937027000), (116.43238 39.96651 1201937133000), (116.43231 39.96646 1201937328000), (116.43099 39.9618 1201937435000), (116.43907 39.9601 1201937630000), (116.43907 39.9601 1201937736000), (116.43899 39.96005 1201937932000), (116.43393 39.95967 1201938098000), (116.43899 39.96275 1201938233000), (116.44463 39.97486 1201938535000), (116.44288 39.97834 1201938702000), (116.44282 39.98169 1201939003000), (116.44821 39.97957 1201939138000), (116.45363 39.98381 1201939305000), (116.4731 39.98526 1201939607000), (116.47097 39.97799 1201939742000), (116.4559 39.97516 1201940030000), (116.45399 39.9764 1201940047000), (116.44226 39.99409 1201940331000), (116.44427 39.99458 1201940349000), (116.46839 39.99564 1201940632000), (116.46768 39.99474 1201940649000), (116.46019 39.98252 1201940934000), (116.46032 39.98226 1201940951000), (116.45218 39.96101 1201941235000), (116.45547 39.94105 1201941537000), (116.4553 39.93354 1201941839000), (116.4553 39.93354 1201941856000), (116.46077 39.92845 1201942140000), (116.46077 39.92845 1201942140000), (116.45606 39.92199 1201942442000), (116.45588 39.92207 1201942459000), (116.45331 39.9272 1201942743000), (116.45222 39.92712 1201942761000), (116.44926 39.93747 1201943045000), (116.4493 39.93852 1201943063000), (116.45678 39.94829 1201943347000), (116.45678 39.94829 1201943364000), (116.45649 39.94826 1201943648000), (116.4565 39.94826 1201943666000), (116.46213 39.95201 1201943950000), (116.46182 39.95528 1201944252000), (116.46178 39.95533 1201944269000), (116.45428 39.95363 1201944553000), (116.45363 39.95318 1201944571000), (116.44692 39.95021 1201944855000), (116.44645 39.94975 1201944872000), (116.44411 39.94871 1201945178000), (116.43648 39.94874 1201945399000), (116.43343 39.95767 1201945700000), (116.43409 39.95827 1201945781000), (116.4342 39.95367 1201946083000), (116.43279 39.94589 1201946303000), (116.42788 39.94539 1201946384000), (116.41941 39.94847 1201946605000), (116.4192 39.94796 1201946686000), (116.41174 39.9396 1201946907000), (116.41071 39.93964 1201946988000), (116.41045 39.94674 1201947208000), (116.41668 39.94796 1201947289000), (116.41018 39.94907 1201947510000), (116.41392 39.95261 1201947591000), (116.41895 39.95812 1201947812000), (116.41876 39.96463 1201947893000), (116.43243 39.96641 1201948194000), (116.45381 39.9524 1201948415000), (116.45546 39.93451 1201948717000), (116.45531 39.92927 1201948797000), (116.45528 39.91716 1201949018000), (116.4553 39.91355 1201949099000), (116.4553 39.91355 1201949099000), (116.45479 39.90502 1201949320000), (116.45108 39.90444 1201949401000), (116.43857 39.90241 1201949702000), (116.44249 39.90302 1201949923000), (116.44464 39.90439 1201950004000), (116.47285 39.90671 1201950224000), (116.48252 39.90554 1201950305000), (116.48344 39.87552 1201950526000), (116.48145 39.86303 1201950606000), (116.48005 39.84729 1201950827000), (116.47944 39.84833 1201950908000), (116.48185 39.86193 1201951115000), (116.48193 39.86261 1201951310000), (116.47506 39.86649 1201951515000), (116.46801 39.86657 1201951612000), (116.45514 39.87054 1201951816000), (116.45897 39.87483 1201951914000), (116.47129 39.87689 1201952118000), (116.47135 39.88174 1201952215000), (116.48974 39.87464 1201952420000), (116.49225 39.87732 1201952517000), (116.49032 39.87832 1201952721000), (116.48191 39.88267 1201952819000), (116.46997 39.88319 1201953023000), (116.46231 39.88318 1201953120000), (116.45554 39.88389 1201953325000), (116.45552 39.88924 1201953422000), (116.45551 39.89057 1201953626000), (116.45574 39.89363 1201953928000), (116.45569 39.89658 1201954025000), (116.45569 39.89658 1201954025000), (116.45605 39.89899 1201954230000), (116.45616 39.89927 1201954327000), (116.45571 39.90042 1201954531000), (116.45593 39.90219 1201954629000), (116.45615 39.90361 1201954833000), (116.45643 39.90564 1201954930000), (116.45115 39.90713 1201955135000), (116.45115 39.90713 1201955135000), (116.45056 39.90709 1201955232000), (116.44973 39.9071 1201955436000), (116.44841 39.90717 1201955534000), (116.44838 39.90723 1201955738000), (116.44628 39.90713 1201955835000), (116.44102 39.90717 1201956040000), (116.44102 39.90717 1201956137000), (116.43704 39.90718 1201956341000), (116.42913 39.90721 1201956439000), (116.4246 39.90716 1201956643000), (116.4246 39.90716 1201956643000), (116.42424 39.90715 1201956740000), (116.42423 39.90725 1201956945000), (116.42423 39.90725 1201957042000), (116.42324 39.90715 1201957246000), (116.42324 39.90715 1201957344000), (116.41943 39.90712 1201957548000), (116.41914 39.90713 1201957645000), (116.41862 39.90705 1201957850000), (116.42705 39.90701 1201957945000))
27-27_1201958151-MULTIPOINT Z((116.41659 39.90703 1201958151000), (116.41566 39.90701 1201958249000), (116.41398 39.90703 1201958453000), (116.41341 39.90725 1201958550000), (116.41255 39.90703 1201958755000), (116.41147 39.90683 1201959056000), (116.41147 39.90683 1201959153000), (116.40857 39.90685 1201959358000), (116.40623 39.90678 1201959455000), (116.39915 39.90654 1201959660000), (116.39774 39.90648 1201959757000), (116.3943 39.90641 1201959960000), (116.39142 39.9063 1201960057000), (116.38721 39.90625 1201960262000), (116.37855 39.90598 1201960359000), (116.37557 39.90977 1201960564000), (116.37586 39.90892 1201960661000), (116.37619 39.90762 1201960865000), (116.37622 39.90759 1201960962000), (116.37648 39.90658 1201961167000), (116.3829 39.90593 1201961264000), (116.38511 39.90142 1201961469000), (116.38546 39.89954 1201961566000), (116.38546 39.89954 1201961566000), (116.3861 39.89871 1201961746000), (116.39544 39.89905 1201962075000), (116.40001 39.89934 1201962109000), (116.4206 39.89924 1201962377000), (116.42065 39.89925 1201962411000), (116.43179 39.90183 1201962679000), (116.43049 39.90241 1201962713000), (116.42813 39.92712 1201962980000), (116.42791 39.93179 1201963014000), (116.42791 39.93179 1201963014000), (116.43499 39.9475 1201963282000), (116.43796 39.94979 1201963316000), (116.44294 39.95819 1201963584000), (116.44512 39.95827 1201963617000), (116.44651 39.95142 1201963885000), (116.44651 39.95142 1201963885000), (116.44457 39.95264 1201963919000), (116.43413 39.95853 1201964187000), (116.42991 39.95836 1201964221000), (116.41873 39.96697 1201964489000), (116.41867 39.96758 1201964522000), (116.38795 39.96732 1201964790000), (116.38309 39.96711 1201964824000), (116.3469 39.96368 1201965126000), (116.34993 39.94266 1201965394000), (116.34923 39.93961 1201965427000), (116.34958 39.93074 1201965695000), (116.3496 39.92912 1201965729000), (116.35007 39.92129 1201966031000), (116.35045 39.9119 1201966299000), (116.3505 39.91143 1201966332000), (116.35056 39.90035 1201966600000), (116.35048 39.89867 1201966634000), (116.34002 39.88749 1201966902000), (116.34002 39.88749 1201966936000), (116.33997 39.88168 1201967203000), (116.34063 39.88135 1201967237000), (116.35351 39.87661 1201967505000), (116.35758 39.88688 1201967807000), (116.35986 39.88785 1201967841000), (116.38058 39.88803 1201968108000), (116.38542 39.88842 1201968142000), (116.40693 39.89138 1201968410000), (116.411 39.89155 1201968444000), (116.43673 39.89217 1201968712000), (116.44986 39.8801 1201969046000), (116.45003 39.88252 1201969314000), (116.45003 39.88252 1201969348000), (116.45548 39.89809 1201969616000), (116.45392 39.94002 1201969917000), (116.44919 39.93998 1201969951000), (116.43873 39.94985 1201970219000), (116.43577 39.94815 1201970253000), (116.42796 39.94589 1201970521000), (116.42693 39.94816 1201970555000), (116.42693 39.94816 1201970555000), (116.42071 39.95593 1201970822000), (116.41977 39.95599 1201970856000), (116.43318 39.95343 1201971124000), (116.43686 39.95364 1201971158000), (116.43557 39.94488 1201971426000), (116.43557 39.94488 1201971426000), (116.43267 39.94227 1201971460000), (116.42738 39.9356 1201971727000), (116.4277 39.9312 1201971761000), (116.42064 39.91054 1201972029000), (116.42072 39.90732 1201972063000), (116.42052 39.90452 1201972331000), (116.42052 39.90452 1201972365000), (116.42051 39.90697 1201972632000), (116.4205 39.90697 1201972666000), (116.45582 39.91155 1201972934000), (116.45586 39.91625 1201972968000), (116.45633 39.92212 1201973236000))
27-27_1201976230-MULTIPOINT Z((116.42266 39.96766 1201976230000), (116.44961 39.95533 1201976496000), (116.45309 39.95277 1201976532000), (116.487 39.9924 1201977099000), (116.48789 39.99331 1201977135000), (116.51672 40.02326 1201977437000), (116.5799 40.0625 1201978079000), (116.57592 40.08538 1201978342000), (116.58255 40.11089 1201978644000), (116.58212 40.11611 1201978682000), (116.58212 40.11611 1201978682000), (116.62531 40.11631 1201978945000), (116.63106 40.11622 1201978984000), (116.63497 40.12047 1201979247000), (116.63497 40.12047 1201979286000), (116.65125 40.13235 1201979549000), (116.65125 40.13235 1201979549000))
27-27_1202003029-MULTIPOINT Z((116.42985 39.94821 1202003029000), (116.4169 39.9482 1202003101000), (116.3845 39.94757 1202003330000), (116.3845 39.94757 1202003330000), (116.37395 39.94749 1202003403000), (116.35635 39.94432 1202003632000), (116.34947 39.93127 1202003934000), (116.3497 39.92755 1202004006000), (116.35025 39.90865 1202004235000), (116.3505 39.89981 1202004308000), (116.32067 39.89594 1202004537000), (116.31805 39.89598 1202004610000), (116.31569 39.89691 1202004839000), (116.3156 39.89705 1202004911000), (116.31554 39.897 1202005140000), (116.31521 39.89865 1202005442000), (116.31507 39.90218 1202005515000), (116.32895 39.90586 1202005816000), (116.32843 39.91663 1202006045000), (116.32847 39.92025 1202006118000), (116.32766 39.93015 1202006347000), (116.32718 39.93459 1202006420000), (116.34345 39.94493 1202006950000), (116.34341 39.94493 1202007023000), (116.3464 39.93677 1202007325000), (116.34926 39.93246 1202007554000), (116.34913 39.93139 1202007626000), (116.34974 39.92545 1202007855000), (116.35009 39.91802 1202007928000), (116.34736 39.89708 1202008157000), (116.34242 39.89169 1202008230000), (116.34115 39.85704 1202008459000), (116.33985 39.84599 1202008531000), (116.33886 39.80991 1202008760000), (116.33751 39.80641 1202008833000), (116.33751 39.80641 1202008833000), (116.33493 39.80492 1202009062000), (116.32925 39.80132 1202009135000), (116.31805 39.79434 1202009364000), (116.30824 39.78825 1202009436000), (116.28878 39.77747 1202009665000), (116.27888 39.77294 1202009738000), (116.27229 39.75167 1202009967000), (116.26789 39.75067 1202010040000), (116.26886 39.7504 1202010269000), (116.26886 39.7504 1202010341000), (116.26899 39.75023 1202010570000), (116.26899 39.75023 1202010643000), (116.26755 39.76889 1202010872000), (116.26755 39.76889 1202010872000), (116.2762 39.77158 1202010945000), (116.28239 39.77929 1202011173000), (116.28587 39.77598 1202011246000), (116.30924 39.78868 1202011475000), (116.31719 39.79371 1202011548000), (116.33526 39.80496 1202011777000), (116.34004 39.80866 1202011849000), (116.3414 39.82806 1202012078000), (116.31944 39.82961 1202012380000), (116.28958 39.82963 1202012682000), (116.2865 39.83332 1202012983000), (116.28875 39.83163 1202013056000), (116.28404 39.83536 1202013358000), (116.27792 39.84423 1202013587000), (116.2771 39.85571 1202013659000), (116.26841 39.8863 1202013888000))
27-27_1202015400-MULTIPOINT Z((116.32913 39.93681 1202015400000), (116.33253 39.93692 1202015420000), (116.37352 39.94748 1202015702000), (116.37722 39.94749 1202015721000), (116.40191 39.95667 1202016003000), (116.40191 39.95667 1202016023000), (116.40791 39.95832 1202016306000), (116.40791 39.95832 1202016325000), (116.40506 39.96735 1202016607000), (116.40594 39.96734 1202016626000), (116.36534 39.96668 1202017210000), (116.36534 39.96668 1202017210000), (116.36257 39.96672 1202017230000), (116.33384 39.96651 1202017512000), (116.33357 39.96653 1202017531000), (116.32866 39.95896 1202017813000), (116.3288 39.95749 1202017833000), (116.3288 39.95749 1202017833000), (116.31736 39.95474 1202018135000), (116.31721 39.96554 1202018417000), (116.3183 39.96549 1202018436000), (116.32431 39.96574 1202018718000), (116.32881 39.9568 1202019020000), (116.33781 39.93143 1202019321000), (116.33791 39.93142 1202019341000), (116.33966 39.93704 1202019623000), (116.33966 39.93704 1202019643000), (116.35767 39.94447 1202019925000), (116.36108 39.94565 1202019945000), (116.38781 39.93967 1202020226000), (116.38781 39.93967 1202020246000), (116.39013 39.92739 1202020528000), (116.39011 39.92737 1202020548000), (116.39685 39.91374 1202020830000), (116.39883 39.9138 1202020850000), (116.40396 39.91391 1202021131000), (116.405 39.91456 1202021151000), (116.41906 39.9229 1202021433000), (116.41906 39.9229 1202021453000), (116.42774 39.93501 1202021735000), (116.42762 39.93823 1202021755000), (116.38936 39.94829 1202022036000), (116.38917 39.95119 1202022056000), (116.39577 39.96537 1202022338000), (116.39614 39.96634 1202022358000), (116.43229 39.97953 1202022640000), (116.43426 39.98246 1202022660000), (116.46777 39.96663 1202022941000), (116.48944 39.97039 1202023243000), (116.48943 39.97021 1202023263000), (116.4896 39.97029 1202023440000))
27-27_1202030463-MULTIPOINT Z((116.48406 39.97099 1202030463000), (116.46968 39.9663 1202030750000), (116.46938 39.96663 1202030765000), (116.46051 39.95778 1202031052000), (116.46072 39.95764 1202031066000), (116.4621 39.95014 1202031354000), (116.46036 39.94955 1202031368000), (116.45575 39.94501 1202031655000), (116.45569 39.94339 1202031670000), (116.44264 39.93238 1202031957000), (116.44223 39.93239 1202031971000), (116.43787 39.93238 1202032259000), (116.42689 39.92819 1202032560000), (116.42689 39.92819 1202032575000), (116.4283 39.93273 1202032862000), (116.42819 39.93365 1202032876000), (116.43001 39.93949 1202033164000), (116.43001 39.93949 1202033178000), (116.45581 39.94027 1202033465000), (116.4559 39.94166 1202033480000), (116.45973 39.94616 1202033767000), (116.45895 39.94598 1202033781000), (116.45895 39.94598 1202033781000), (116.45259 39.95423 1202034068000), (116.45259 39.95423 1202034068000), (116.45305 39.95473 1202034083000), (116.45296 39.95475 1202034370000), (116.45296 39.95475 1202034384000), (116.4529 39.95458 1202034672000), (116.4529 39.95458 1202034686000), (116.44447 39.95923 1202034973000), (116.44279 39.96029 1202034988000), (116.43561 39.95858 1202035275000), (116.43561 39.95858 1202035289000), (116.44508 39.96555 1202035577000), (116.44579 39.96611 1202035591000), (116.44674 39.96755 1202035893000), (116.43213 39.96727 1202036180000), (116.43118 39.96779 1202036194000), (116.43757 39.96319 1202036482000), (116.44883 39.9559 1202036783000), (116.44966 39.95541 1202036798000), (116.45542 39.93652 1202037085000), (116.45535 39.93545 1202037099000), (116.45405 39.93183 1202037387000), (116.45402 39.93183 1202037401000), (116.454 39.93174 1202037688000), (116.45398 39.93207 1202037703000), (116.45563 39.95035 1202037990000), (116.45522 39.95181 1202038004000), (116.48473 39.98928 1202038292000))
27-27_1202039197-MULTIPOINT Z((116.58636 40.07942 1202039197000), (116.58578 40.07974 1202039211000), (116.58195 40.07944 1202039498000), (116.58195 40.07943 1202039513000), (116.58247 40.06243 1202039800000), (116.58109 40.06239 1202039814000), (116.56571 40.07035 1202040102000), (116.56609 40.07042 1202040116000), (116.56584 40.0712 1202040403000), (116.56584 40.0712 1202040418000), (116.56584 40.0712 1202040705000), (116.56584 40.0712 1202040719000), (116.56584 40.0712 1202041007000), (116.56584 40.0712 1202041021000), (116.56584 40.0712 1202041308000), (116.56584 40.0712 1202041323000), (116.56584 40.0712 1202041323000), (116.56584 40.0712 1202041610000), (116.56584 40.0712 1202041610000), (116.56584 40.0712 1202041624000))
27-27_1202043061-MULTIPOINT Z((116.56582 40.07122 1202043061000), (116.56582 40.07122 1202043061000), (116.56582 40.07122 1202043315000), (116.56582 40.07122 1202043363000), (116.56582 40.07122 1202043617000), (116.56582 40.07122 1202043665000), (116.56582 40.07122 1202043918000), (116.56582 40.07122 1202043966000), (116.56582 40.07122 1202044220000), (116.56582 40.07122 1202044220000), (116.56582 40.07122 1202044268000), (116.56582 40.07122 1202044522000), (116.56582 40.07122 1202044570000), (116.56582 40.07122 1202044823000), (116.56582 40.07122 1202044871000), (116.56582 40.07122 1202045125000), (116.56582 40.07122 1202045427000), (116.56582 40.07122 1202045475000), (116.56582 40.07122 1202045728000), (116.56582 40.07122 1202045776000), (116.56582 40.07122 1202046030000), (116.56582 40.07122 1202046078000), (116.56582 40.07122 1202046332000), (116.56582 40.07122 1202046380000), (116.56582 40.07122 1202046633000), (116.56582 40.07122 1202046681000), (116.56229 40.06946 1202046935000), (116.56219 40.06875 1202046983000), (116.56516 40.06413 1202047237000), (116.56516 40.06413 1202047285000), (116.56516 40.06413 1202047538000), (116.56516 40.06413 1202047586000), (116.56516 40.06413 1202047840000), (116.56516 40.06413 1202047888000), (116.56516 40.06413 1202048190000), (116.56516 40.06413 1202048443000), (116.56516 40.06413 1202048491000), (116.56516 40.06413 1202048745000), (116.56516 40.06413 1202049047000), (116.56516 40.06413 1202049094000), (116.57754 40.06273 1202049348000), (116.57754 40.06273 1202049396000), (116.57776 40.06267 1202049650000), (116.57776 40.06267 1202049951000), (116.57776 40.06267 1202049999000), (116.57777 40.06266 1202050253000), (116.57778 40.06266 1202050301000), (116.58031 40.06249 1202050555000), (116.58034 40.06248 1202050603000), (116.58034 40.06248 1202050603000), (116.58034 40.06248 1202050856000), (116.58034 40.06248 1202050904000), (116.58034 40.06248 1202051158000), (116.58034 40.06248 1202051206000), (116.58269 40.06206 1202051460000), (116.58269 40.06206 1202051508000), (116.58153 40.06957 1202051761000), (116.58153 40.06957 1202051761000), (116.58146 40.06998 1202051809000), (116.58086 40.07319 1202052063000), (116.58055 40.07456 1202052111000), (116.58777 40.07864 1202052413000), (116.5831 40.06279 1202052666000))
27-27_1202053270-MULTIPOINT Z((116.48164 40.01045 1202053270000), (116.41675 40.021 1202053571000), (116.41179 40.02201 1202053619000), (116.40847 40.02279 1202053921000), (116.40143 40.00489 1202054175000), (116.39867 40.00394 1202054223000), (116.39837 40.00434 1202054476000), (116.40044 40.004 1202054524000), (116.4112 39.99912 1202054778000), (116.41389 39.9974 1202054826000), (116.41771 39.98816 1202055080000), (116.4177 39.98801 1202055128000), (116.45433 39.97582 1202055381000), (116.46272 39.97029 1202055429000), (116.48341 39.93386 1202055683000), (116.47904 39.93246 1202055731000), (116.47202 39.92782 1202055984000), (116.47196 39.92651 1202056032000), (116.4608 39.92809 1202056285000), (116.45583 39.92759 1202056333000), (116.45593 39.93961 1202056587000), (116.45593 39.94361 1202056635000), (116.44774 39.9585 1202056889000), (116.44329 39.95386 1202056937000), (116.44499 39.94841 1202057190000), (116.44636 39.94953 1202057238000), (116.45112 39.95515 1202057492000), (116.45122 39.95519 1202057540000), (116.45096 39.95524 1202057794000), (116.45097 39.95526 1202057842000), (116.45097 39.95526 1202058095000), (116.45097 39.95526 1202058143000), (116.45097 39.95526 1202058143000), (116.42409 39.96814 1202058397000), (116.41389 39.96784 1202058445000), (116.37363 39.96317 1202058699000), (116.37298 39.95516 1202058746000), (116.34918 39.93962 1202059000000), (116.34949 39.93199 1202059048000), (116.34644 39.90866 1202059302000), (116.34644 39.90866 1202059302000), (116.34639 39.90682 1202059350000), (116.34716 39.91829 1202059603000), (116.3469 39.9219 1202059651000), (116.35029 39.91485 1202059905000), (116.35023 39.90725 1202059953000))
27-27_1202061163-MULTIPOINT Z((116.30371 39.95095 1202061163000), (116.31473 39.96532 1202061349000), (116.31923 39.96568 1202061465000), (116.33296 39.96605 1202061651000), (116.3508 39.96623 1202061766000), (116.43589 39.98496 1202062254000), (116.44626 40.00384 1202062370000), (116.47708 40.01276 1202062556000), (116.49113 39.99923 1202062671000), (116.50941 40.01295 1202062858000), (116.51947 40.02733 1202062973000), (116.5328 40.05021 1202063159000), (116.54372 40.05882 1202063275000), (116.55263 40.08498 1202063461000), (116.55531 40.10087 1202063576000), (116.57163 40.11659 1202063763000), (116.59057 40.11682 1202063878000), (116.62298 40.11634 1202064064000), (116.63524 40.12002 1202064180000), (116.6354 40.12181 1202064366000), (116.63794 40.13062 1202064481000), (116.63663 40.12868 1202064668000), (116.63663 40.12868 1202064783000), (116.63843 40.12845 1202064965000))
27-27_1202091120-MULTIPOINT Z((116.66129 40.12843 1202091120000), (116.67457 40.11912 1202091282000), (116.67542 40.11847 1202091421000), (116.66274 40.11517 1202091584000), (116.63517 40.11632 1202091723000), (116.61956 40.11648 1202091886000), (116.603 40.11667 1202092025000), (116.58077 40.11448 1202092187000), (116.58047 40.10088 1202092326000), (116.58042 40.08826 1202092489000), (116.58233 40.06741 1202092790000))
27-27_1202093533-MULTIPOINT Z((116.45379 39.96152 1202093533000), (116.42636 39.94827 1202093695000), (116.36912 39.94745 1202093997000), (116.34945 39.93297 1202094438000), (116.34909 39.92237 1202094600000), (116.34739 39.92606 1202094740000), (116.35269 39.93679 1202095063000), (116.35783 39.93924 1202095204000), (116.34975 39.9407 1202095505000), (116.34975 39.9407 1202095505000), (116.34894 39.95712 1202095644000), (116.3474 39.98513 1202095945000), (116.34738 39.98527 1202096108000), (116.3265 39.98452 1202096711000), (116.3265 39.98452 1202096711000), (116.33849 39.98501 1202096850000), (116.3495 39.95006 1202097314000), (116.34923 39.94031 1202097616000), (116.34961 39.93098 1202097755000), (116.35044 39.91028 1202098057000), (116.3542 39.90384 1202098664000), (116.35656 39.90413 1202098702000), (116.35714 39.89933 1202099004000))
27-27_1202100474-MULTIPOINT Z((116.41257 39.89828 1202100474000), (116.41257 39.89828 1202100474000), (116.4296 39.91023 1202101077000), (116.42899 39.91429 1202101116000), (116.42759 39.94436 1202101417000), (116.41895 39.95627 1202101680000), (116.419 39.95763 1202101719000), (116.41858 39.97122 1202102021000), (116.41798 39.98075 1202102585000), (116.41801 39.97901 1202102624000), (116.41856 39.96574 1202102887000), (116.41868 39.9615 1202102926000), (116.41893 39.95244 1202103188000), (116.41903 39.94847 1202103529000))
27-27_1202104697-MULTIPOINT Z((116.40778 39.9076 1202104697000), (116.41152 39.91364 1202104998000), (116.41151 39.91662 1202105037000), (116.41947 39.92284 1202105299000), (116.41969 39.92287 1202105338000), (116.41964 39.93741 1202105601000), (116.41951 39.93912 1202105640000), (116.41902 39.95102 1202105902000), (116.41906 39.95216 1202105941000), (116.42433 39.96786 1202106204000), (116.42988 39.96779 1202106243000), (116.43681 39.96357 1202106506000), (116.43681 39.96357 1202106545000), (116.43688 39.96353 1202106807000), (116.43688 39.96353 1202106846000), (116.43688 39.96353 1202107109000), (116.43688 39.96353 1202107148000), (116.43688 39.96353 1202107148000), (116.43688 39.96353 1202107411000), (116.43688 39.96353 1202107450000), (116.43699 39.96349 1202107712000), (116.43699 39.96349 1202107751000), (116.43699 39.96349 1202108014000), (116.43699 39.96349 1202108014000), (116.43699 39.96349 1202108053000), (116.43486 39.96546 1202108316000), (116.43136 39.96766 1202108355000), (116.41747 39.96777 1202108617000), (116.42187 39.96778 1202108656000), (116.44417 39.95877 1202108919000), (116.44751 39.95674 1202108958000), (116.45307 39.95269 1202109221000), (116.45465 39.95389 1202109259000), (116.48299 39.96997 1202109561000))
27-27_1202111980-MULTIPOINT Z((116.46862 39.98859 1202111980000), (116.46777 39.98913 1202111990000), (116.46989 39.98021 1202112282000), (116.47079 39.97962 1202112292000), (116.45005 39.95895 1202112583000), (116.45006 39.95895 1202112594000), (116.43626 39.95833 1202112885000), (116.43704 39.95841 1202112895000), (116.44351 39.95918 1202113197000), (116.44357 39.95912 1202113488000), (116.44357 39.95912 1202113499000), (116.44357 39.95912 1202113499000), (116.45529 39.9543 1202113790000), (116.46013 39.9583 1202114092000), (116.46012 39.95834 1202114102000), (116.46159 39.95708 1202114393000), (116.46159 39.95708 1202114393000), (116.46172 39.95685 1202114404000), (116.46216 39.95021 1202114695000), (116.45655 39.94817 1202114997000), (116.45654 39.94817 1202115007000), (116.44646 39.94001 1202115298000), (116.44646 39.94001 1202115309000), (116.42962 39.93976 1202115600000), (116.42889 39.93972 1202115610000), (116.44347 39.93975 1202115902000), (116.44375 39.93976 1202115912000), (116.45252 39.94751 1202116203000), (116.45252 39.94751 1202116214000), (116.45278 39.9324 1202116505000), (116.45265 39.9324 1202116515000), (116.43885 39.93244 1202116807000), (116.43885 39.93244 1202116817000), (116.43118 39.93942 1202117108000), (116.43253 39.93953 1202117119000), (116.43169 39.93254 1202117410000), (116.43157 39.93251 1202117420000), (116.42787 39.94649 1202117712000), (116.42783 39.94667 1202117722000), (116.40206 39.94961 1202118013000), (116.40207 39.95024 1202118024000), (116.41211 39.96052 1202118315000), (116.41211 39.96052 1202118325000), (116.42948 39.96714 1202118617000), (116.42947 39.96641 1202118627000), (116.43906 39.96214 1202118917000), (116.43993 39.96153 1202118928000), (116.4387 39.95645 1202119229000), (116.43679 39.95781 1202119460000), (116.43883 39.95967 1202119534000), (116.45038 39.95471 1202119762000), (116.45289 39.95291 1202119836000), (116.44961 39.94981 1202120064000), (116.44916 39.94901 1202120137000), (116.4385 39.94126 1202120365000), (116.43709 39.93981 1202120439000), (116.42657 39.93967 1202120667000), (116.42735 39.93535 1202120741000), (116.42784 39.9273 1202120969000), (116.42816 39.92276 1202121042000), (116.42833 39.91709 1202121270000), (116.4284 39.915 1202121344000), (116.42974 39.90388 1202121572000), (116.434 39.8979 1202121646000), (116.434 39.8979 1202121646000), (116.4342 39.88272 1202121874000), (116.43135 39.88002 1202121947000), (116.43412 39.88305 1202122175000), (116.43415 39.88649 1202122249000), (116.42609 39.89244 1202122477000), (116.42145 39.8931 1202122551000), (116.41543 39.90111 1202122852000), (116.4267 39.90703 1202123080000), (116.42678 39.90702 1202123154000), (116.42965 39.90981 1202123456000), (116.42826 39.9292 1202123683000), (116.42826 39.9292 1202123683000), (116.42867 39.93233 1202123757000), (116.43771 39.9296 1202123985000), (116.44084 39.93227 1202124059000), (116.4439 39.93231 1202124287000), (116.45026 39.93229 1202124360000), (116.45453 39.93218 1202124588000), (116.45452 39.93218 1202124662000), (116.45527 39.91979 1202124890000), (116.44429 39.91018 1202125265000), (116.45163 39.90817 1202125493000), (116.45167 39.90765 1202125567000), (116.44421 39.91164 1202125795000), (116.44093 39.91204 1202125869000), (116.43498 39.91914 1202126097000), (116.43496 39.92087 1202126170000), (116.43513 39.92151 1202126398000), (116.43514 39.92153 1202126472000), (116.42868 39.92503 1202126700000), (116.42845 39.92748 1202126774000), (116.42807 39.93203 1202127002000), (116.42797 39.93314 1202127075000), (116.42779 39.94576 1202127303000), (116.43808 39.94813 1202127377000), (116.45959 39.95826 1202127679000), (116.47261 39.97009 1202127980000), (116.48385 39.96998 1202128208000), (116.48938 39.97065 1202128282000), (116.4897 39.97021 1202128510000), (116.4897 39.97021 1202128584000), (116.47373 39.97784 1202128885000), (116.46313 39.98495 1202129113000), (116.46557 39.98728 1202129187000), (116.46557 39.98728 1202129187000), (116.47163 39.97876 1202129415000), (116.46486 39.97243 1202129489000), (116.44581 39.95839 1202129717000), (116.44093 39.96148 1202129790000), (116.43075 39.95838 1202130018000), (116.43032 39.96204 1202130092000), (116.4382 39.9628 1202130320000), (116.44136 39.96065 1202130394000), (116.45521 39.948 1202130622000), (116.45024 39.94722 1202130695000), (116.44587 39.95159 1202130923000), (116.44587 39.95159 1202130923000), (116.44418 39.93504 1202131299000), (116.44412 39.91642 1202131600000), (116.43458 39.90732 1202131902000), (116.42046 39.91349 1202132204000), (116.42005 39.91968 1202132432000), (116.41952 39.91419 1202132505000), (116.41937 39.92291 1202132807000), (116.43699 39.92112 1202133035000), (116.44015 39.92172 1202133109000), (116.44897 39.9324 1202133336000), (116.45513 39.93208 1202133410000), (116.44635 39.92207 1202133638000), (116.4442 39.92647 1202133712000), (116.43766 39.93394 1202133940000), (116.43834 39.93768 1202134013000), (116.42807 39.94011 1202134240000), (116.43067 39.9582 1202134542000), (116.43354 39.95828 1202134616000), (116.454 39.95256 1202134844000), (116.45553 39.94106 1202134917000), (116.45505 39.92213 1202135145000), (116.45468 39.91848 1202135219000), (116.46307 39.91529 1202135447000), (116.4712 39.91441 1202135521000), (116.48319 39.91425 1202135749000), (116.50553 39.91488 1202136050000), (116.51106 39.91535 1202136124000), (116.49774 39.91483 1202136352000), (116.49115 39.9146 1202136426000), (116.47622 39.91447 1202136654000), (116.47199 39.91753 1202136747000), (116.47231 39.9297 1202136955000), (116.47074 39.93255 1202137029000), (116.46667 39.94393 1202137257000), (116.46021 39.94267 1202137331000), (116.44931 39.94909 1202137559000), (116.44465 39.95255 1202137860000), (116.4484 39.9552 1202137934000), (116.45078 39.95434 1202138162000), (116.45078 39.95434 1202138236000), (116.45078 39.95434 1202138464000), (116.45078 39.95434 1202138464000), (116.4508 39.95432 1202138537000), (116.42042 39.96811 1202138765000), (116.40684 39.96788 1202138839000), (116.40826 39.96975 1202139067000), (116.41105 39.9676 1202139369000), (116.41244 39.96756 1202139442000), (116.43252 39.96662 1202139670000), (116.44551 39.9581 1202139748000), (116.4566 39.93226 1202139972000), (116.46081 39.93137 1202140046000), (116.45737 39.92212 1202140274000), (116.45579 39.92645 1202140347000), (116.45596 39.93208 1202140575000), (116.45595 39.9352 1202140649000), (116.45597 39.94373 1202140877000), (116.45597 39.94373 1202140951000), (116.45597 39.94373 1202141179000), (116.45586 39.94555 1202141252000), (116.45543 39.92189 1202141480000), (116.45549 39.90851 1202141557000), (116.45462 39.87585 1202141782000), (116.4481 39.87492 1202141856000), (116.44291 39.87337 1202142084000), (116.44467 39.87052 1202142157000), (116.45519 39.87598 1202142385000), (116.45538 39.88304 1202142459000), (116.4558 39.89856 1202142687000), (116.4559 39.90287 1202142761000), (116.45563 39.91739 1202142988000), (116.45577 39.92766 1202143062000), (116.45595 39.93253 1202143290000), (116.45595 39.93799 1202143364000), (116.44929 39.94806 1202143592000), (116.44684 39.95104 1202143666000), (116.45085 39.95433 1202143893000), (116.45085 39.95433 1202143967000), (116.45085 39.95433 1202144195000), (116.45085 39.95433 1202144269000), (116.45085 39.95433 1202144269000), (116.45085 39.95433 1202144497000), (116.45085 39.95433 1202144570000), (116.45085 39.95433 1202144798000), (116.45085 39.95433 1202144872000), (116.45085 39.95433 1202145100000), (116.45085 39.95433 1202145174000), (116.45085 39.95433 1202145402000), (116.45085 39.95433 1202145475000), (116.45097 39.95423 1202145703000), (116.45097 39.95423 1202145777000), (116.45095 39.95421 1202146005000), (116.45178 39.95372 1202146079000), (116.46195 39.9541 1202146307000), (116.46206 39.95395 1202146380000), (116.46226 39.94924 1202146608000), (116.4626 39.94516 1202146682000), (116.44933 39.94719 1202146984000), (116.45111 39.95415 1202147212000), (116.45111 39.95416 1202147285000), (116.45106 39.95416 1202147513000), (116.45106 39.95416 1202147587000), (116.45106 39.95419 1202147815000), (116.45106 39.95419 1202147889000), (116.45106 39.95419 1202148117000), (116.45105 39.9542 1202148190000))
27-27_1202149999-MULTIPOINT Z((116.51701 40.02366 1202149999000), (116.53209 40.04913 1202150227000), (116.54209 40.05751 1202150301000), (116.57662 40.1167 1202150831000), (116.61567 40.1164 1202151132000), (116.6297 40.11621 1202151206000), (116.63488 40.12047 1202151434000), (116.63488 40.12047 1202151508000), (116.65092 40.1291 1202151736000), (116.65391 40.13173 1202151809000), (116.65391 40.13173 1202151809000), (116.65341 40.13169 1202151978000))
27-27_1202173001-MULTIPOINT Z((116.64588 40.12904 1202173001000), (116.63559 40.12871 1202173109000), (116.62346 40.11663 1202173302000), (116.60758 40.11672 1202173410000), (116.56429 40.11646 1202173712000), (116.55446 40.09673 1202173905000), (116.55163 40.07963 1202174013000), (116.53869 40.05584 1202174207000), (116.53126 40.04811 1202174315000), (116.51686 40.02382 1202174617000), (116.50009 40.00488 1202174810000), (116.48848 39.99407 1202174918000), (116.48174 39.9878 1202175112000), (116.47101 39.97811 1202175220000), (116.4704 39.97763 1202175413000), (116.4704 39.97763 1202175522000), (116.4704 39.97763 1202175715000), (116.47039 39.97766 1202175823000), (116.47038 39.97769 1202176017000), (116.47038 39.97769 1202176125000), (116.47039 39.97771 1202176318000), (116.47038 39.97765 1202176789000), (116.47038 39.97765 1202176922000), (116.47038 39.97765 1202177090000), (116.47038 39.97765 1202177392000), (116.47038 39.97765 1202177525000), (116.47038 39.97765 1202177694000), (116.47038 39.97765 1202177827000), (116.47038 39.97765 1202177995000), (116.47038 39.97765 1202178128000), (116.47038 39.97765 1202178297000), (116.47038 39.97765 1202178430000), (116.47038 39.97765 1202178430000), (116.47032 39.97764 1202178599000), (116.47032 39.97762 1202178732000), (116.47032 39.97762 1202178900000), (116.45465 39.97576 1202179033000), (116.43246 39.98092 1202179202000), (116.41987 39.97141 1202179335000), (116.41269 39.96804 1202179504000), (116.40901 39.96793 1202179637000), (116.41083 39.96767 1202179805000), (116.43484 39.96514 1202179938000), (116.43484 39.96514 1202179938000), (116.4547 39.96206 1202180107000))
27-27_1202180710-MULTIPOINT Z((116.57927 40.04687 1202180710000), (116.58386 40.05866 1202180843000), (116.58565 40.07986 1202181012000), (116.58101 40.07916 1202181145000), (116.58159 40.06864 1202181313000), (116.57713 40.06274 1202181447000), (116.56283 40.06801 1202181615000), (116.56673 40.07064 1202181748000), (116.56662 40.07086 1202181947000), (116.56664 40.07095 1202182158000), (116.56664 40.07095 1202182355000), (116.56664 40.07095 1202182460000), (116.56664 40.07095 1202182656000), (116.56664 40.07095 1202182762000), (116.56664 40.07095 1202182958000), (116.56664 40.07095 1202183063000), (116.56664 40.07095 1202183260000), (116.56664 40.07095 1202183365000), (116.56664 40.07095 1202183561000), (116.56664 40.07095 1202183666000), (116.56664 40.07095 1202183863000), (116.56664 40.07095 1202183968000), (116.56664 40.07095 1202184165000), (116.56664 40.07095 1202184270000), (116.56664 40.07095 1202184466000), (116.56664 40.07095 1202184571000), (116.56664 40.07095 1202184768000), (116.56664 40.07095 1202184873000), (116.56664 40.07095 1202184873000), (116.56664 40.07095 1202185069000), (116.56664 40.07095 1202185175000), (116.56664 40.07095 1202185371000), (116.56664 40.07095 1202185476000), (116.56664 40.07095 1202185673000), (116.56664 40.07095 1202185778000), (116.56664 40.07095 1202185974000), (116.56664 40.07095 1202186080000), (116.56664 40.07095 1202186276000), (116.56664 40.07095 1202186381000), (116.56664 40.07095 1202186578000), (116.56664 40.07095 1202186683000), (116.56664 40.07095 1202186879000), (116.56664 40.07095 1202186985000), (116.56664 40.07095 1202187181000), (116.56664 40.07095 1202187286000), (116.56664 40.07095 1202187483000), (116.56664 40.07095 1202187483000), (116.56664 40.07095 1202187588000), (116.56664 40.07095 1202187784000), (116.56664 40.07095 1202187890000), (116.56664 40.07095 1202188086000), (116.56664 40.07095 1202188191000), (116.56664 40.07095 1202188388000), (116.56664 40.07095 1202188492000), (116.56664 40.07095 1202188688000), (116.56664 40.07095 1202188794000), (116.56664 40.07095 1202188990000), (116.56664 40.07095 1202189095000), (116.56664 40.07095 1202189292000), (116.56664 40.07095 1202189397000), (116.56664 40.07095 1202189593000), (116.56664 40.07095 1202189699000), (116.56664 40.07095 1202189895000), (116.56664 40.07095 1202190000000), (116.56664 40.07095 1202190197000), (116.56664 40.07095 1202190302000), (116.56664 40.07095 1202190498000), (116.56664 40.07095 1202190604000), (116.56418 40.07037 1202190800000), (116.56269 40.07019 1202190905000), (116.56269 40.07019 1202191102000), (116.56269 40.07019 1202191207000), (116.56269 40.07019 1202191403000), (116.56269 40.07019 1202191509000), (116.56269 40.07019 1202191705000), (116.56269 40.07019 1202191810000), (116.5745 40.06299 1202192007000), (116.57561 40.06285 1202192112000), (116.57561 40.06285 1202192308000), (116.57561 40.06285 1202192414000), (116.58218 40.06223 1202192610000), (116.58218 40.06223 1202192715000), (116.58218 40.06223 1202192912000), (116.58218 40.06223 1202193017000), (116.58218 40.06223 1202193213000), (116.58275 40.061 1202193318000), (116.58222 40.06515 1202193515000), (116.58222 40.06515 1202193620000), (116.58222 40.06515 1202193817000), (116.58222 40.06516 1202193922000), (116.58222 40.06516 1202194118000), (116.58222 40.06516 1202194223000), (116.58222 40.06516 1202194420000), (116.5816 40.06914 1202194525000), (116.58121 40.07647 1202194721000), (116.58121 40.07647 1202194827000), (116.58121 40.07647 1202195023000), (116.58121 40.07647 1202195023000), (116.58342 40.07562 1202195128000), (116.58545 40.07675 1202195325000), (116.58545 40.07675 1202195430000), (116.5874 40.07837 1202195626000), (116.58369 40.05883 1202195928000), (116.57864 40.0466 1202196033000))
27-27_1202198145-MULTIPOINT Z((116.43165 39.9855 1202198145000), (116.43151 39.98455 1202198341000), (116.42659 39.9822 1202198447000), (116.41826 39.97647 1202198643000), (116.41856 39.96862 1202198748000), (116.41887 39.95873 1202198945000), (116.41893 39.9531 1202199050000), (116.41903 39.94658 1202199246000), (116.41958 39.93704 1202199352000), (116.41963 39.92849 1202199548000), (116.41998 39.92427 1202199653000), (116.41998 39.92427 1202199653000), (116.41454 39.91422 1202199850000), (116.41292 39.9141 1202199955000), (116.4125 39.9144 1202200151000), (116.41169 39.91065 1202200257000), (116.41161 39.90711 1202200453000), (116.41191 39.90435 1202200558000), (116.41203 39.90174 1202200755000), (116.40703 39.90107 1202200860000), (116.40589 39.90123 1202201056000), (116.40545 39.90361 1202201162000), (116.40539 39.9041 1202201358000), (116.40529 39.90631 1202201463000), (116.4054 39.90805 1202201660000), (116.41196 39.9033 1202201961000), (116.41199 39.90271 1202202067000), (116.41209 39.90209 1202202263000), (116.41209 39.90209 1202202263000), (116.41205 39.90116 1202202368000), (116.4123 39.89886 1202202565000), (116.41238 39.8922 1202202670000), (116.41317 39.8857 1202202866000), (116.41463 39.88025 1202202971000), (116.41533 39.86612 1202203168000), (116.41544 39.86587 1202203273000), (116.41543 39.86565 1202203470000), (116.4154 39.86529 1202203575000), (116.42012 39.8644 1202203770000), (116.42019 39.86434 1202203875000), (116.42021 39.8672 1202204072000), (116.42273 39.86954 1202204177000), (116.42422 39.86976 1202204373000), (116.40964 39.87055 1202204479000), (116.37336 39.86931 1202204675000), (116.35314 39.86722 1202204780000), (116.3427 39.88563 1202204977000), (116.33699 39.88848 1202205082000), (116.32235 39.88872 1202205278000), (116.31535 39.88836 1202205384000), (116.31519 39.89213 1202205580000), (116.31491 39.88819 1202205685000), (116.31289 39.88726 1202205882000), (116.31206 39.88696 1202205987000), (116.31102 39.88641 1202206183000), (116.30455 39.89788 1202206485000), (116.30452 39.90329 1202206590000), (116.30556 39.90524 1202206787000), (116.30615 39.90583 1202206892000), (116.30436 39.91583 1202207088000), (116.30444 39.92199 1202207194000), (116.30444 39.92199 1202207194000), (116.30437 39.93008 1202207390000), (116.30438 39.93798 1202207495000), (116.30957 39.95022 1202207692000), (116.31112 39.9547 1202207797000), (116.31639 39.96279 1202207993000), (116.31789 39.96562 1202208099000), (116.34698 39.96452 1202208295000), (116.3494 39.95011 1202208400000), (116.34932 39.93717 1202208597000), (116.34995 39.92201 1202208898000), (116.3502 39.918 1202209004000), (116.34956 39.90673 1202209200000), (116.34642 39.90711 1202209305000), (116.34668 39.91113 1202209502000), (116.35003 39.91252 1202209607000), (116.35022 39.92303 1202209803000), (116.35022 39.92303 1202209803000), (116.35017 39.93069 1202209909000), (116.35086 39.94225 1202210105000), (116.3584 39.9444 1202210210000), (116.36521 39.95387 1202210407000), (116.36459 39.96046 1202210512000), (116.36791 39.96632 1202210814000), (116.38835 39.96609 1202211010000), (116.38895 39.95354 1202211115000), (116.38751 39.94907 1202211312000), (116.38872 39.9501 1202211417000), (116.39056 39.96679 1202211613000), (116.40345 39.9674 1202211719000), (116.42885 39.97448 1202211915000), (116.44156 39.98403 1202212020000), (116.46406 39.96779 1202212217000), (116.47484 39.96996 1202212322000), (116.48379 39.97448 1202212518000), (116.48389 39.97877 1202212623000), (116.49164 39.99542 1202212820000))
27-27_1202219933-MULTIPOINT Z((116.56516 40.07143 1202219933000), (116.56516 40.07143 1202220149000), (116.56516 40.07143 1202220235000), (116.56516 40.07143 1202220451000), (116.56516 40.07143 1202220537000), (116.56516 40.07143 1202220537000), (116.56516 40.07143 1202220752000), (116.56418 40.07107 1202220838000), (116.56635 40.06394 1202221054000), (116.57944 40.06252 1202221140000), (116.58261 40.06279 1202221356000), (116.58261 40.06279 1202221442000), (116.58261 40.06279 1202221743000), (116.58235 40.06452 1202221959000), (116.58233 40.06464 1202222045000), (116.58233 40.06464 1202222260000), (116.58233 40.06464 1202222347000), (116.58233 40.06464 1202222562000), (116.58215 40.06576 1202222648000), (116.58215 40.06587 1202222864000), (116.58215 40.06587 1202222950000), (116.58215 40.06587 1202223165000), (116.58215 40.06587 1202223252000), (116.58189 40.06735 1202223467000), (116.58187 40.06748 1202223553000), (116.58178 40.06804 1202223769000), (116.58178 40.06804 1202223855000), (116.58175 40.06826 1202224070000), (116.58162 40.06911 1202224157000), (116.58139 40.07041 1202224372000), (116.58139 40.07041 1202224458000), (116.58102 40.07219 1202224760000), (116.58102 40.07219 1202224975000), (116.58049 40.07474 1202225277000), (116.58049 40.07474 1202225579000), (116.58049 40.07474 1202225665000), (116.58239 40.0746 1202225880000), (116.58239 40.0746 1202225967000), (116.58239 40.0746 1202226182000), (116.58424 40.07652 1202226268000), (116.5847 40.07663 1202226484000), (116.5847 40.07663 1202226570000))
27-27_1202228077-MULTIPOINT Z((116.47329 39.97913 1202228077000), (116.4387 39.96275 1202228293000), (116.42172 39.96812 1202228379000), (116.3561 39.96642 1202228680000), (116.31016 39.96404 1202228896000), (116.30597 39.9652 1202228982000), (116.30522 39.96192 1202229198000), (116.31479 39.96532 1202229284000), (116.32344 39.96581 1202229499000), (116.32449 39.96583 1202229585000), (116.32449 39.96583 1202229801000), (116.32449 39.96583 1202229887000), (116.32449 39.96583 1202230103000), (116.32449 39.96583 1202230103000), (116.32449 39.96583 1202230189000), (116.32449 39.96583 1202230404000), (116.32449 39.96583 1202230490000), (116.3328 39.96607 1202230706000), (116.3419 39.96611 1202230792000), (116.35934 39.96618 1202231008000), (116.36336 39.96602 1202231094000), (116.37698 39.9666 1202231309000), (116.37984 39.96668 1202231395000), (116.40694 39.96743 1202231611000), (116.42091 39.96787 1202231697000), (116.44747 40.00758 1202231999000), (116.49284 39.99731 1202232300000), (116.51328 40.01808 1202232516000), (116.51843 40.02569 1202232602000), (116.53024 40.04597 1202232817000), (116.54035 40.05656 1202232904000), (116.55234 40.08287 1202233119000), (116.55471 40.09729 1202233205000), (116.56923 40.11653 1202233421000), (116.58143 40.11683 1202233507000), (116.60593 40.1165 1202233722000), (116.61447 40.11637 1202233809000), (116.63393 40.11613 1202234024000), (116.63489 40.12045 1202234110000), (116.63519 40.12083 1202234326000), (116.63519 40.12083 1202234412000), (116.6356 40.12779 1202234627000))
27-27_1202264651-MULTIPOINT Z((116.62668 40.11643 1202264651000), (116.59547 40.11681 1202264845000), (116.58251 40.11696 1202264953000), (116.58285 40.10494 1202265146000), (116.58075 40.09907 1202265255000), (116.57945 40.07973 1202265448000), (116.58044 40.07512 1202265556000), (116.57483 40.06303 1202265750000), (116.56281 40.06764 1202265858000), (116.56503 40.07075 1202266051000), (116.56459 40.07065 1202266160000), (116.56459 40.07065 1202266353000), (116.56459 40.07065 1202266461000), (116.56459 40.07065 1202266655000), (116.56459 40.07065 1202266763000), (116.56459 40.07065 1202266956000), (116.56459 40.07065 1202267065000), (116.56459 40.07065 1202267258000), (116.56459 40.07065 1202267366000), (116.56459 40.07065 1202267560000), (116.56459 40.07065 1202267668000), (116.56459 40.07065 1202267861000), (116.56459 40.07065 1202267970000), (116.56459 40.07065 1202268163000), (116.56459 40.07065 1202268271000), (116.56262 40.06825 1202268465000), (116.56262 40.06825 1202268573000), (116.56262 40.06825 1202268875000), (116.56323 40.06557 1202269068000), (116.56323 40.06557 1202269176000), (116.56323 40.06557 1202269370000), (116.56323 40.06557 1202269478000), (116.56323 40.06557 1202269478000), (116.56323 40.06557 1202269671000), (116.56323 40.06557 1202269973000), (116.56323 40.06557 1202270081000), (116.56323 40.06557 1202270275000), (116.56323 40.06557 1202270383000), (116.56323 40.06557 1202270576000), (116.56323 40.06557 1202270685000), (116.56323 40.06557 1202270878000), (116.56323 40.06557 1202271180000), (116.56323 40.06557 1202271288000), (116.56323 40.06557 1202271288000), (116.56323 40.06557 1202271481000), (116.56323 40.06557 1202271590000), (116.56323 40.06557 1202271783000), (116.56323 40.06557 1202271891000), (116.56323 40.06557 1202272085000), (116.56323 40.06557 1202272193000))
27-27_1202281953-MULTIPOINT Z((116.53585 39.94032 1202281953000), (116.49286 39.93417 1202282255000), (116.48913 39.93312 1202282279000), (116.47048 39.93247 1202282556000), (116.46678 39.9325 1202282580000), (116.4564 39.94255 1202282908000), (116.43697 39.93975 1202283160000), (116.43362 39.93979 1202283183000), (116.43362 39.93979 1202283183000), (116.43362 39.93979 1202283183000), (116.43362 39.93979 1202283183000), (116.41954 39.93286 1202283461000), (116.40485 39.923 1202283763000), (116.40485 39.923 1202283786000), (116.40071 39.91867 1202284185000), (116.41789 39.92291 1202284393000), (116.42002 39.9229 1202284487000), (116.44158 39.92172 1202284996000), (116.45404 39.91998 1202285298000), (116.45408 39.92013 1202285392000), (116.45099 39.91921 1202285599000), (116.44662 39.92174 1202285694000), (116.43779 39.9324 1202285994000), (116.40309 39.93203 1202286296000), (116.34893 39.9311 1202286805000), (116.34711 39.93427 1202286899000), (116.34971 39.93531 1202287107000), (116.35724 39.9444 1202287201000), (116.42201 39.94806 1202287502000))
27-27_1202318353-MULTIPOINT Z((116.78421 40.14564 1202318353000), (116.75879 40.13882 1202318507000), (116.72638 40.133 1202318655000), (116.69502 40.13209 1202318809000), (116.66587 40.12748 1202318956000), (116.65258 40.12881 1202319110000), (116.64657 40.10898 1202319412000), (116.64783 40.11095 1202319560000), (116.62993 40.11656 1202319714000), (116.62993 40.11656 1202319714000), (116.61927 40.11654 1202319861000), (116.59816 40.11682 1202320015000), (116.52611 40.09733 1202320464000), (116.49412 40.09385 1202320619000), (116.47768 40.09326 1202320766000))
27-27_1202324988-MULTIPOINT Z((116.45362 39.96134 1202324988000), (116.41484 39.94807 1202325183000), (116.39356 39.94776 1202325290000), (116.38152 39.95005 1202325485000), (116.38053 39.95006 1202325591000), (116.37309 39.947 1202325893000), (116.4061 39.9477 1202326088000), (116.41047 39.94335 1202326194000), (116.41095 39.92827 1202326390000), (116.41095 39.92827 1202326390000), (116.4112 39.92333 1202326496000), (116.41161 39.90932 1202326692000), (116.41226 39.89942 1202326798000), (116.4186 39.89813 1202326993000), (116.42095 39.8992 1202327099000), (116.43715 39.90708 1202327295000), (116.44466 39.90705 1202327401000), (116.48573 39.90596 1202327596000), (116.48391 39.92143 1202327703000), (116.49765 39.93027 1202327898000), (116.50152 39.93024 1202328004000), (116.48945 39.93334 1202328200000), (116.47627 39.93258 1202328306000), (116.46859 39.93822 1202328501000), (116.46415 39.94353 1202328608000), (116.48045 39.95612 1202328803000), (116.48045 39.95612 1202328803000), (116.49065 39.96052 1202328909000), (116.48936 39.95284 1202329105000), (116.47802 39.95533 1202329211000), (116.45613 39.94812 1202329406000), (116.4553 39.94005 1202329513000), (116.4554 39.90481 1202329711000))
27-27_1202330010-MULTIPOINT Z((116.43633 39.85782 1202330010000), (116.43277 39.85338 1202330311000), (116.45532 39.87923 1202330613000), (116.44701 39.88335 1202330719000), (116.43986 39.88388 1202330915000), (116.4382 39.89548 1202331021000), (116.43028 39.90774 1202331216000), (116.42871 39.91975 1202331323000), (116.42871 39.91975 1202331323000), (116.43298 39.91901 1202331518000), (116.43793 39.92091 1202331624000), (116.44393 39.9214 1202331820000), (116.43479 39.92277 1202331926000), (116.40626 39.9231 1202332121000), (116.38816 39.92183 1202332228000), (116.37107 39.92262 1202332423000), (116.36449 39.92259 1202332529000), (116.33872 39.92206 1202332725000), (116.3287 39.92177 1202332830000), (116.32049 39.92234 1202333025000), (116.32307 39.93101 1202333132000), (116.35661 39.93094 1202333433000), (116.37062 39.93138 1202333629000), (116.37923 39.93171 1202333735000), (116.40167 39.93193 1202333930000), (116.40167 39.93193 1202333930000), (116.41064 39.93214 1202334037000), (116.43815 39.93233 1202334232000), (116.44777 39.93234 1202334338000), (116.47421 39.93234 1202334534000), (116.47764 39.93225 1202334640000), (116.48407 39.94269 1202334835000), (116.48182 39.95664 1202334942000), (116.47651 39.96959 1202335138000), (116.47325 39.97072 1202335243000), (116.47647 39.98284 1202335439000), (116.48207 39.98786 1202335545000), (116.50569 40.00965 1202335740000), (116.5185 40.02596 1202335847000), (116.5347 40.05305 1202336042000), (116.55411 40.09399 1202336344000))
27-27_1202352662-MULTIPOINT Z((116.41504 39.9821 1202352662000), (116.41823 39.9764 1202352952000), (116.41836 39.9747 1202352965000), (116.41095 39.99076 1202353265000), (116.41034 40.00905 1202353569000), (116.41047 40.03965 1202353856000), (116.41281 40.0399 1202353869000), (116.41508 40.03624 1202354172000), (116.40792 40.05414 1202354460000), (116.40781 40.05629 1202354472000), (116.4079 40.07757 1202354761000), (116.40807 40.07899 1202354775000))
27-27_1202370115-MULTIPOINT Z((116.6513 40.12216 1202370115000), (116.67107 40.11448 1202370402000), (116.67388 40.11447 1202370416000), (116.70602 40.09751 1202370704000), (116.70769 40.09849 1202370718000), (116.764 40.09866 1202371005000), (116.76692 40.09837 1202371020000), (116.82067 40.09987 1202371307000), (116.8224 40.09991 1202371321000), (116.8681 40.09739 1202371609000), (116.8682 40.09656 1202371623000), (116.8682 40.09656 1202371623000), (116.85179 40.10393 1202371910000))
27-27_1202374625-MULTIPOINT Z((116.40786 40.07787 1202374625000), (116.40761 40.07611 1202374640000), (116.40766 40.05669 1202374927000), (116.40765 40.05669 1202374941000), (116.40957 40.03686 1202375229000), (116.40958 40.03649 1202375243000), (116.41989 40.03696 1202375530000), (116.41979 40.03754 1202375545000), (116.42003 40.03873 1202375832000), (116.42003 40.03873 1202375846000), (116.40631 40.04474 1202376134000), (116.40624 40.0457 1202376148000), (116.39653 40.04454 1202376435000), (116.39653 40.04454 1202376450000), (116.40676 40.04314 1202376737000), (116.40743 40.04232 1202376751000), (116.41138 40.01774 1202377053000), (116.40151 39.99662 1202377340000), (116.4016 39.99545 1202377355000), (116.39083 39.98694 1202377642000), (116.38998 39.98691 1202377656000), (116.37368 39.98204 1202377943000), (116.37327 39.9836 1202377958000), (116.37718 39.98598 1202378245000), (116.37718 39.98598 1202378259000), (116.37718 39.98598 1202378547000), (116.37718 39.98598 1202378561000), (116.37718 39.98598 1202378848000), (116.37718 39.98598 1202378863000), (116.38146 39.97887 1202379150000), (116.38146 39.97887 1202379164000), (116.38146 39.97887 1202379164000), (116.3546 39.96648 1202379452000), (116.3546 39.96648 1202379452000), (116.35247 39.9665 1202379465000), (116.33969 39.97526 1202379752000), (116.33969 39.97526 1202379752000), (116.33833 39.97527 1202379767000), (116.33489 39.9791 1202379988000), (116.338 39.9849 1202380541000), (116.338 39.9849 1202380668000), (116.338 39.9849 1202380843000), (116.338 39.9849 1202380970000), (116.34747 39.98725 1202381145000), (116.34674 39.99752 1202381272000), (116.33692 39.99935 1202381446000), (116.34645 39.99558 1202381573000), (116.33759 39.99171 1202381748000), (116.33949 39.99174 1202381875000), (116.34778 39.98517 1202382050000), (116.37472 39.98619 1202382177000), (116.4143 39.98732 1202382351000), (116.44206 39.98374 1202382478000), (116.45645 39.98462 1202382653000), (116.46185 39.98545 1202382780000), (116.4702 39.98039 1202382955000), (116.4603 39.98653 1202383082000), (116.4567 39.99492 1202383256000), (116.46178 39.99996 1202383383000), (116.46121 40.00785 1202383558000), (116.46581 39.99827 1202383685000), (116.47588 39.98692 1202383860000), (116.47555 39.98751 1202383987000), (116.47509 39.98765 1202384161000), (116.46713 39.98877 1202384288000), (116.46984 39.98026 1202384463000), (116.4945 39.97064 1202384765000), (116.49671 39.96296 1202384892000), (116.497 39.96784 1202385066000), (116.49371 39.97069 1202385193000), (116.48428 39.97088 1202385428000), (116.48128 39.96982 1202385495000), (116.46535 39.96453 1202385730000), (116.45905 39.95805 1202385796000), (116.45092 39.95523 1202386032000), (116.45092 39.95523 1202386098000), (116.45084 39.95525 1202386333000), (116.45084 39.95525 1202386400000), (116.45091 39.95516 1202386635000), (116.45092 39.95518 1202386701000), (116.4508 39.95521 1202386937000), (116.45077 39.9552 1202387003000), (116.44112 39.97102 1202387238000), (116.44236 39.97078 1202387305000), (116.44119 39.97131 1202387540000), (116.44028 39.96762 1202387606000), (116.44097 39.9618 1202387841000), (116.4366 39.96432 1202387907000), (116.402 39.96799 1202388142000), (116.40169 39.96801 1202388209000), (116.40286 39.97976 1202388444000), (116.40286 39.97976 1202388444000), (116.40685 39.98182 1202388510000), (116.41156 39.97029 1202388745000), (116.41163 39.96849 1202388812000), (116.41225 39.95812 1202389047000), (116.41468 39.95788 1202389114000), (116.41069 39.96802 1202389349000), (116.41069 39.96802 1202389415000), (116.41069 39.96802 1202389650000), (116.41069 39.96802 1202389717000), (116.37484 39.97035 1202389952000), (116.35733 40.00942 1202390254000), (116.3549 40.01618 1202390459000), (116.36847 40.01502 1202390555000), (116.38057 39.99944 1202390760000), (116.38085 39.98854 1202390857000), (116.388 39.97221 1202391062000), (116.388 39.97221 1202391062000), (116.38851 39.96215 1202391159000), (116.39334 39.95581 1202391364000), (116.38877 39.95991 1202391460000), (116.39704 39.96713 1202391665000), (116.39704 39.96713 1202391762000), (116.40024 39.96723 1202391967000), (116.40131 39.96422 1202392064000), (116.4021 39.94315 1202392269000), (116.40238 39.93449 1202392365000), (116.40708 39.92285 1202392570000), (116.41141 39.91578 1202392667000), (116.40823 39.91432 1202392872000), (116.40477 39.91755 1202392969000), (116.39765 39.92296 1202393174000), (116.39742 39.92295 1202393270000), (116.39024 39.92819 1202393475000), (116.38847 39.93218 1202393572000), (116.38744 39.93216 1202393777000), (116.37967 39.93193 1202393874000), (116.373 39.941 1202394079000), (116.37378 39.94696 1202394175000), (116.4113 39.94789 1202394380000), (116.42631 39.9478 1202394477000), (116.45621 39.95527 1202394682000), (116.4582 39.95732 1202394779000), (116.45094 39.95531 1202394984000), (116.44598 39.95698 1202395080000), (116.46479 39.97226 1202395285000), (116.47629 39.98273 1202395382000), (116.46303 39.9905 1202395587000), (116.46381 39.99099 1202395684000), (116.468 39.99693 1202395889000), (116.46607 40.00057 1202395985000), (116.46607 40.00057 1202395985000), (116.46099 40.01444 1202396190000), (116.44159 40.0174 1202396287000), (116.42654 40.02662 1202396492000), (116.43103 40.02862 1202396589000), (116.43116 40.03126 1202396794000), (116.43116 40.03126 1202396890000), (116.43091 40.02571 1202397095000), (116.43096 40.02739 1202397192000), (116.43433 40.01925 1202397397000))
27-27_1202399319-MULTIPOINT Z((116.58042 40.07578 1202399319000), (116.58043 40.07577 1202399428000), (116.58043 40.07576 1202399620000), (116.58043 40.07576 1202399729000), (116.58043 40.07576 1202399922000), (116.58043 40.07576 1202400031000), (116.57944 40.07983 1202400252000), (116.57797 40.08795 1202400333000), (116.57797 40.08795 1202400333000), (116.58303 40.10471 1202400525000), (116.58863 40.11685 1202400634000), (116.6207 40.11633 1202400827000), (116.63495 40.11619 1202400936000), (116.63499 40.12049 1202401128000), (116.63499 40.12049 1202401238000), (116.63559 40.12757 1202401430000), (116.63828 40.12847 1202401539000), (116.63828 40.12847 1202401657000))
27-27_1202441530-MULTIPOINT Z((116.4396 39.95099 1202441530000), (116.43466 39.94732 1202441640000), (116.41407 39.94812 1202441832000), (116.41039 39.94513 1202441941000), (116.40764 39.93958 1202442134000), (116.40283 39.9395 1202442243000), (116.38854 39.9393 1202442435000), (116.38753 39.94745 1202442545000), (116.37339 39.95942 1202442737000), (116.37365 39.96682 1202442846000), (116.3638 39.97441 1202443039000), (116.36362 39.98166 1202443148000), (116.37287 39.98529 1202443340000), (116.37037 39.99253 1202443450000), (116.36845 40.00025 1202443642000), (116.36529 39.99783 1202443751000), (116.3636 39.98621 1202443944000), (116.36326 39.98232 1202444053000), (116.35349 39.98034 1202444245000), (116.34751 39.98666 1202444355000), (116.34149 39.99188 1202444547000), (116.33539 39.9897 1202444656000), (116.33724 39.99162 1202444849000), (116.33164 39.9916 1202444958000), (116.32736 39.97832 1202445150000), (116.31952 39.97494 1202445260000), (116.31661 39.96867 1202445452000), (116.31569 39.96788 1202445561000), (116.3132 39.97077 1202445754000), (116.31176 39.97418 1202445863000), (116.31176 39.97418 1202445863000), (116.30068 39.9745 1202446055000), (116.29942 39.97216 1202446165000), (116.30179 39.96113 1202446357000), (116.30185 39.96066 1202446466000), (116.304 39.93996 1202446660000), (116.30402 39.92256 1202446768000), (116.33721 39.8963 1202447277000), (116.34241 39.88834 1202447371000), (116.3498 39.88818 1202447563000), (116.35268 39.8841 1202447673000), (116.35446 39.87663 1202447865000), (116.35739 39.87673 1202447975000), (116.35755 39.88604 1202448167000), (116.36119 39.88776 1202448276000), (116.37688 39.88798 1202448469000), (116.37688 39.88798 1202448469000), (116.37788 39.88798 1202448578000), (116.40529 39.8913 1202448770000), (116.40787 39.8914 1202448879000), (116.4144 39.88343 1202449072000), (116.41447 39.88331 1202449181000), (116.42377 39.88273 1202449373000), (116.4278 39.88253 1202449483000), (116.4266 39.88287 1202449675000), (116.42476 39.88731 1202449784000), (116.42136 39.89546 1202449977000), (116.42697 39.89913 1202450086000), (116.43007 39.89896 1202450194000), (116.43011 39.90867 1202450583000), (116.4306 39.91176 1202450628000), (116.45121 39.91289 1202450884000), (116.45259 39.91895 1202450930000), (116.44415 39.91214 1202451186000), (116.44476 39.91534 1202451232000), (116.44884 39.92712 1202451488000), (116.44938 39.93067 1202451533000), (116.44433 39.93964 1202451789000), (116.44428 39.94364 1202451835000), (116.44596 39.95165 1202452091000), (116.44596 39.95165 1202452137000), (116.44596 39.95165 1202452227000))
27-27_1202453710-MULTIPOINT Z((116.44504 39.95233 1202453710000), (116.45103 39.95446 1202453845000), (116.45104 39.95425 1202454012000), (116.45104 39.95425 1202454147000), (116.45299 39.95305 1202454314000), (116.45478 39.9486 1202454449000), (116.47654 39.95463 1202454615000), (116.48352 39.94702 1202454750000), (116.48383 39.93244 1202454917000), (116.49172 39.93008 1202455052000), (116.48986 39.92178 1202455219000), (116.4748 39.92163 1202455354000), (116.46434 39.92191 1202455520000), (116.45636 39.92208 1202455655000), (116.44531 39.92165 1202455822000), (116.44407 39.9214 1202455957000), (116.43493 39.91641 1202456124000), (116.42929 39.91432 1202456259000), (116.42885 39.91825 1202456425000), (116.43861 39.92199 1202456560000), (116.44165 39.92191 1202456727000), (116.43522 39.92553 1202456862000), (116.42849 39.92692 1202457029000), (116.42795 39.94262 1202457164000), (116.42634 39.94913 1202457330000), (116.41911 39.95419 1202457464000), (116.41911 39.95419 1202457464000), (116.41882 39.96372 1202457631000), (116.41866 39.96757 1202457766000), (116.41226 39.96794 1202457933000), (116.38919 39.96725 1202458068000), (116.37448 39.97898 1202458234000), (116.37281 39.99285 1202458369000), (116.3691 39.99722 1202458536000), (116.37012 39.99817 1202458671000), (116.36659 40.00023 1202458838000), (116.36688 39.99597 1202458973000), (116.35103 39.98588 1202459139000), (116.35439 39.9921 1202459274000), (116.36453 40.00015 1202459441000), (116.37405 40.00023 1202459576000), (116.38069 39.99621 1202459743000), (116.38132 39.98118 1202459878000), (116.37285 39.98726 1202460044000), (116.36338 39.98629 1202460179000), (116.33195 39.98519 1202460346000), (116.31896 39.98465 1202460481000), (116.31036 39.97957 1202460648000), (116.31105 39.97491 1202460783000), (116.30513 39.97563 1202460949000), (116.30513 39.97563 1202460949000), (116.30491 39.9819 1202461084000), (116.31958 39.98422 1202461251000), (116.32654 39.98438 1202461386000), (116.34984 39.98526 1202461553000), (116.36344 39.9802 1202461688000), (116.36373 39.96721 1202461854000), (116.37847 39.96659 1202461989000), (116.39671 39.9671 1202462156000), (116.39671 39.9671 1202462291000), (116.39671 39.9671 1202462457000), (116.39683 39.96709 1202462593000), (116.40031 39.96714 1202462759000), (116.40154 39.9586 1202462894000), (116.41076 39.95778 1202463061000), (116.41248 39.95301 1202463196000), (116.41842 39.95267 1202463362000), (116.41624 39.95604 1202463497000))
